	LN	LN	LN	LN	LN	NL	NL	NL	NL	NL	NN	NN	NN	NN	NN
mmu-mir-5134 MI0018046	0	0	0	0	0	0	0	0	0	0	0	0	0	0	0
mmu-mir-7036a MI0022885	0	0	0	0	0	0	0	0	1	0	0	0	0	0	0
mmu-mir-219a-1 MI0000702	3	6	3	3	4	0	0	1	2	2	3	1	2	7	1
mmu-mir-203b MI0040622	0	1	0	1	0	0	2	1	1	0	5	2	2	1	12
mmu-mir-150 MI0000172	33	35	28	20	36	8	4	10	7	4	43	23	55	58	151
mmu-mir-8092 MI0026019	0	0	0	0	0	0	0	0	0	0	0	0	0	1	0
mmu-mir-134 MI0000160	26	15	21	13	24	13	18	31	8	23	30	17	23	25	33
mmu-mir-383 MI0000800	1	0	0	0	0	1	1	0	1	1	0	0	0	0	0
mmu-mir-881 MI0005474	0	0	0	0	0	0	0	0	0	0	0	0	1	0	0
mmu-mir-212 MI0000696	17	12	14	10	11	2	9	9	8	6	15	14	8	13	6
mmu-let-7b MI0000558	3186	3198	2486	2262	3212	1339	1967	1930	1766	1588	4034	2374	3273	3599	4379
mmu-mir-3071 MI0014034	0	0	1	0	0	0	0	0	0	0	0	0	0	1	0
mmu-mir-466n MI0014079	0	0	1	0	0	0	0	0	0	0	0	0	0	0	0
mmu-mir-6366 MI0021895	0	0	0	1	0	0	0	0	0	0	0	0	0	0	0
mmu-mir-1231 MI0019183	0	0	0	0	0	0	0	2	0	0	0	1	0	0	0
mmu-mir-5125 MI0018036	0	0	0	1	2	0	0	0	0	0	4	0	0	1	1
mmu-mir-6953 MI0022800	0	0	0	0	0	0	1	0	0	0	0	0	0	0	0
mmu-mir-490 MI0005002	0	0	0	1	0	0	0	0	0	0	0	0	1	1	0
mmu-mir-7667 MI0025007	0	0	0	0	0	0	0	1	0	0	0	1	0	2	0
mmu-mir-7012 MI0022861	0	0	0	0	1	0	0	0	0	0	0	0	0	0	0
mmu-mir-199b MI0000714	1797	1811	1512	1620	1729	160	232	866	341	197	3501	1456	3133	2158	3372
mmu-mir-12201 MI0040647	0	0	0	0	0	0	0	0	0	0	0	0	0	0	0
mmu-mir-497a MI0004636	0	7	3	6	6	0	0	3	0	1	6	0	4	6	10
mmu-mir-133a-1 MI0000159	4361	8850	8256	6390	7686	335	321	1660	490	438	11840	3025	10537	10945	10638
mmu-mir-98 MI0000586	218	278	250	208	178	50	67	177	146	92	401	212	365	274	438
mmu-mir-3062 MI0014024	0	0	0	0	1	0	1	0	0	1	0	0	0	0	0
mmu-mir-672 MI0004258	0	2	5	1	4	1	5	1	3	2	3	1	0	5	8
mmu-mir-12189 MI0040631	0	0	0	0	0	0	0	0	0	0	0	0	1	1	0
mmu-mir-200c MI0000694	5	4	2	2	6	1	5	10	2	2	3	4	3	7	25
mmu-mir-677 MI0004634	184	329	236	278	462	86	97	139	115	148	379	88	283	424	276
mmu-mir-683-1 MI0004646_>mmu-mir-683-2 MI0010690	0	0	0	0	0	0	0	0	0	0	0	0	0	0	0
mmu-mir-6905 MI0022752	0	0	0	1	0	0	1	0	0	0	0	0	0	0	0
mmu-mir-874 MI0005479	3	7	5	7	3	1	3	5	1	1	19	8	15	20	10
mmu-mir-138-2 MI0000164	4	9	13	5	30	0	1	4	1	1	34	3	28	11	53
mmu-mir-132 MI0000158	8	9	7	17	12	2	4	12	2	1	19	8	16	15	21
mmu-mir-141 MI0000166	0	0	0	0	0	0	0	0	0	0	0	0	1	0	1
mmu-mir-3473b MI0016997	2	2	0	2	1	1	3	0	0	2	1	1	2	1	0
mmu-mir-1668 MI0026040	0	0	0	0	0	0	0	0	0	1	0	0	0	0	0
mmu-mir-1930 MI0009919	0	0	0	0	0	0	0	0	0	1	0	0	0	0	0
mmu-mir-679 MI0004638	45	39	33	20	29	28	32	79	63	53	45	41	23	37	40
mmu-mir-6481 MI0022051	1	2	2	0	3	0	0	2	0	0	1	0	1	0	0
mmu-mir-7010 MI0022859	1	1	1	1	1	1	1	0	0	2	3	1	1	2	0
mmu-mir-7685 MI0025036	1	0	0	0	0	0	2	0	1	0	2	0	0	2	0
mmu-mir-6914 MI0022761	0	1	0	0	0	0	0	0	0	0	0	0	0	0	0
mmu-mir-7051 MI0022900	0	0	0	1	0	0	0	0	0	0	0	0	0	0	0
mmu-mir-3074-1 MI0014037	2	1	4	3	5	3	1	4	0	1	6	2	6	2	6
mmu-mir-200a MI0000554	3	1	5	2	4	0	2	1	3	0	3	0	5	0	20
mmu-mir-6932 MI0022779	0	0	0	0	0	0	0	0	0	0	0	0	0	0	1
mmu-mir-344g MI0014097	0	0	0	0	0	0	0	0	0	0	0	0	1	0	0
mmu-mir-669p-1 MI0014064_>mmu-mir-669p-2 MI0014071	6	1	1	6	2	2	1	2	1	1	6	4	3	4	16
mmu-mir-3472 MI0014704	0	0	0	0	0	0	0	0	0	0	0	0	0	0	0
mmu-mir-5132 MI0018044	0	0	1	0	0	1	2	0	1	0	0	0	2	0	0
mmu-mir-8108 MI0026039	0	0	0	0	0	0	1	2	0	5	0	0	1	0	0
mmu-mir-466p MI0014078	1	1	3	1	5	0	1	0	1	0	5	0	3	1	6
mmu-mir-337 MI0000615	2377	2842	2500	1894	2432	974	993	2822	1054	1255	4101	2277	3509	3348	3059
mmu-mir-342 MI0000627	6	3	1	1	3	3	11	5	9	5	2	5	4	7	9
mmu-mir-6950 MI0022797	0	0	0	0	0	2	0	0	1	0	0	0	0	0	0
mmu-mir-190b MI0005478	1	6	4	4	9	0	0	0	1	4	7	3	7	1	1
mmu-mir-20b MI0003536	0	5	9	2	2	0	0	0	2	0	6	0	4	5	32
mmu-mir-30b MI0000145	62	39	31	23	53	27	46	46	32	40	62	41	44	59	68
mmu-mir-3064 MI0014026	1	0	0	3	1	2	1	2	1	1	2	0	1	0	2
mmu-mir-5107 MI0018016	0	0	0	0	0	0	0	0	0	0	1	0	0	0	1
mmu-mir-362 MI0000763	67	148	143	90	118	2	2	22	3	3	244	51	181	164	206
mmu-mir-378b MI0016973	26	32	22	21	11	3	7	20	6	11	50	18	29	29	12
mmu-mir-6921 MI0022768	0	0	0	0	0	0	0	0	0	0	0	0	0	0	0
mmu-mir-7669 MI0025009	0	0	1	0	1	0	0	0	0	1	0	0	2	0	0
mmu-mir-673 MI0004601	376	263	230	143	187	582	585	695	593	791	407	350	288	301	308
mmu-mir-92b MI0005521	2	1	1	0	0	0	3	0	0	0	0	1	1	0	2
mmu-mir-664 MI0012531	25	19	12	12	18	19	20	16	14	16	19	18	16	39	20
mmu-mir-7014 MI0022863	0	0	0	0	0	0	0	0	0	0	0	0	0	0	1
mmu-mir-8094 MI0026021	1	2	2	5	0	6	7	8	1	2	1	1	2	0	1
mmu-mir-7674 MI0025015	0	0	0	0	0	0	0	0	0	0	0	0	0	0	1
mmu-mir-6934 MI0022781	0	1	0	0	0	0	0	0	1	0	0	0	0	0	0
mmu-mir-6962 MI0022809	0	0	0	0	0	0	0	0	0	0	0	0	0	1	0
mmu-mir-7021 MI0022870	1	3	1	0	0	0	0	1	0	2	1	2	2	0	0
mmu-mir-7687 MI0025039	0	0	0	0	0	1	1	0	0	0	0	0	0	0	0
mmu-mir-210 MI0000695	8	23	23	27	43	4	0	6	3	2	66	4	48	26	49
mmu-mir-465a MI0002400	0	0	0	0	0	0	0	0	0	0	0	0	0	0	1
mmu-mir-30c-2 MI0000548	8635	14344	12273	9396	10339	1570	1202	6089	2370	2320	19967	7953	15377	18399	14696
mmu-mir-5114 MI0018023	0	0	0	0	0	1	1	0	0	1	0	0	0	0	0
mmu-mir-24-2 MI0000572	5362	9721	7058	5834	9052	2000	2394	4953	2916	2913	13501	4670	9902	9645	10853
mmu-mir-139 MI0000693	25	22	14	16	15	34	24	24	21	31	19	23	25	33	30
mmu-mir-423 MI0004637	608	521	479	314	399	399	409	545	385	500	758	506	672	573	640
mmu-mir-6980 MI0022828	0	0	0	0	0	0	0	1	0	0	0	0	0	0	0
mmu-mir-135a-1 MI0000161	0	1	1	2	7	0	0	1	1	0	3	1	14	9	10
mmu-mir-3082 MI0014045	0	1	0	0	0	0	0	1	0	0	0	0	0	0	1
mmu-mir-299a MI0000399	854	1702	1432	1115	1572	109	83	448	215	211	2427	540	2119	2316	1901
mmu-mir-136 MI0000162	2470	2972	2580	2560	3070	532	537	1768	1175	864	5971	1950	3464	3167	3047
mmu-mir-770 MI0004203	19	9	12	2	6	83	68	56	93	95	20	19	11	13	14
mmu-mir-182 MI0000224	18	14	10	7	10	11	23	24	41	43	15	17	42	8	109
mmu-mir-466f-2 MI0005508	3	1	0	1	0	0	1	0	0	0	1	0	0	0	1
mmu-mir-3474 MI0014707	0	0	1	0	2	2	1	1	1	1	1	1	1	0	0
mmu-mir-340 MI0000623	408	673	567	538	419	58	60	205	131	137	1068	396	851	736	1081
mmu-mir-466b-2 MI0005503	1	1	5	1	5	0	1	0	1	0	8	0	5	2	8
mmu-mir-107 MI0000684	184	257	175	150	159	29	30	94	22	32	287	134	342	247	382
mmu-mir-467a-1 MI0002402	27	15	13	10	28	4	2	14	6	3	34	15	18	22	70
mmu-mir-872 MI0005549	154	211	161	212	187	22	24	97	53	23	348	115	282	250	370
mmu-mir-7007 MI0022856	0	0	0	1	2	1	0	0	0	0	1	0	1	0	0
mmu-mir-382 MI0000799	843	921	867	592	478	251	344	726	451	403	1189	712	1173	977	1116
mmu-mir-331 MI0000609	3	2	6	2	5	0	0	0	0	0	7	1	6	6	2
mmu-mir-409 MI0001160	1058	1191	903	668	911	317	331	892	342	441	1556	861	1597	1354	1357
mmu-mir-466k MI0006292	0	0	0	0	0	0	0	0	0	0	0	0	0	0	0
mmu-mir-5130 MI0018042	0	0	0	1	0	1	0	0	0	0	0	1	0	0	0
mmu-mir-5129 MI0018041	1	0	0	3	1	2	1	2	1	3	4	0	1	1	1
mmu-mir-6952 MI0022799	0	0	0	0	0	3	0	0	0	0	0	0	0	0	1
mmu-mir-5710 MI0019319	0	0	0	0	0	0	0	0	0	1	0	0	0	0	0
mmu-mir-34c MI0000403	27	31	32	44	63	0	2	12	7	2	89	15	55	42	68
mmu-mir-34a MI0000584	8	11	8	15	28	0	0	0	1	0	33	5	25	30	44
mmu-mir-29b-1 MI0000143	6	29	16	16	19	2	1	4	1	2	29	8	23	29	20
mmu-mir-184 MI0000226	3	2	2	1	0	3	1	1	8	4	2	1	0	1	1
mmu-mir-7060 MI0022909	0	0	0	0	0	0	0	0	0	0	0	0	0	1	0
mmu-mir-3060 MI0014022	0	0	0	0	0	0	0	0	0	0	1	0	1	0	1
mmu-mir-92a-1 MI0000719	96	84	66	70	71	29	39	109	61	63	151	84	119	98	186
mmu-mir-682 MI0004644	1	2	5	5	6	1	4	3	8	2	3	4	0	1	1
mmu-mir-205 MI0000248	0	0	0	0	0	0	0	0	0	0	0	0	0	0	0
mmu-mir-449c MI0004645	0	0	2	0	0	1	0	0	0	0	1	0	0	0	0
mmu-mir-1932 MI0009921	0	1	0	0	0	0	0	0	0	1	0	0	0	0	0
mmu-mir-3057 MI0014020	6	1	2	2	3	3	4	8	2	4	4	6	3	11	5
mmu-mir-466c-2 MI0014057_>mmu-mir-466c-3 MI0031753	3	2	6	2	5	0	4	0	1	0	9	0	5	2	15
mmu-mir-7652 MI0024992	0	0	0	0	0	0	0	0	0	0	0	0	0	0	0
mmu-mir-425 MI0001447	71	73	80	71	115	15	15	29	18	14	110	55	96	99	133
mmu-mir-339 MI0000621	45	119	91	83	102	3	6	26	13	16	171	37	131	164	152
mmu-mir-8106 MI0026037	0	0	0	1	0	0	0	0	0	0	0	0	0	0	0
mmu-mir-5615-2 MI0019182	0	0	0	0	1	0	0	0	0	0	0	0	0	0	0
mmu-mir-1941 MI0009930	0	2	0	0	1	0	0	0	0	0	1	0	0	0	2
mmu-mir-543 MI0003519	237	232	233	194	184	252	263	411	352	296	457	288	401	367	246
mmu-mir-667 MI0004196	13	16	7	10	12	15	25	43	35	23	24	15	18	25	11
mmu-mir-5103 MI0018011	0	0	0	0	0	0	0	0	0	0	0	0	0	0	0
mmu-mir-3066 MI0014028	0	1	1	2	0	0	1	2	1	0	3	3	0	1	1
mmu-mir-5136 MI0018048	0	0	1	0	0	1	2	5	0	0	0	0	2	1	1
mmu-mir-1968 MI0009965	2	2	1	4	3	1	1	2	1	0	8	5	0	8	3
mmu-let-7j MI0021908	0	0	0	1	0	0	0	1	2	4	1	5	1	0	3
mmu-mir-8115 MI0026047	0	0	0	0	0	0	0	0	0	0	0	0	0	0	0
mmu-mir-6238 MI0021585	0	0	0	0	0	0	0	1	0	0	0	0	0	0	0
mmu-mir-222 MI0000710	28	55	43	28	50	25	33	25	10	15	82	37	63	60	79
mmu-mir-143 MI0000257	31260	36176	24972	24472	42430	13293	11368	24163	17576	17843	57055	36222	47779	40622	42938
mmu-mir-1192 MI0006297	0	0	0	0	2	0	0	0	0	0	0	0	0	0	0
mmu-mir-152 MI0000174	2395	2825	2132	1886	1861	320	322	839	782	486	3977	1724	3658	2796	4449
mmu-mir-26a-1 MI0000573	38085	38782	30494	28436	31996	10365	12051	28168	14688	14529	50942	28673	49161	43707	49976
mmu-mir-486a MI0003493	8512	7142	5884	4223	6610	5035	5566	6358	6012	5532	12919	8713	8343	7532	9506
mmu-mir-8098 MI0026026	0	0	0	0	1	1	0	0	0	0	0	2	1	0	0
mmu-mir-3473f MI0026016	2	1	1	2	1	2	2	3	0	1	3	1	2	1	1
mmu-mir-7067 MI0022916	0	0	0	0	0	2	0	0	0	0	0	0	0	0	0
mmu-mir-8101 MI0026031	0	0	0	0	0	0	0	0	0	1	0	1	0	0	0
mmu-mir-669m-2 MI0009944	1	1	1	3	3	0	0	0	0	0	3	0	0	0	3
mmu-mir-495 MI0004639	186	215	167	158	176	121	125	169	112	136	328	175	253	247	181
mmu-mir-7665 MI0025005	0	0	0	0	0	0	0	0	0	0	0	0	0	0	0
mmu-mir-7030 MI0022879	0	1	0	1	0	0	0	0	0	0	0	0	0	0	0
mmu-mir-3070-1 MI0014032	0	0	0	1	1	2	0	0	2	0	0	0	1	0	0
mmu-let-7d MI0000405	3568	4631	4146	3208	3365	2244	3535	4196	3352	3193	6275	3364	5389	5251	6248
mmu-mir-103-2 MI0000588	1436	1761	1418	1116	972	234	262	654	327	291	2274	1107	2251	1650	2809
mmu-mir-96 MI0000583	1	3	2	0	6	0	0	1	0	0	2	0	5	0	3
mmu-mir-133a-2 MI0000820	4335	8832	8225	6357	7664	327	316	1644	482	439	11825	3011	10506	10916	10631
mmu-mir-6898 MI0022745	0	0	0	0	0	0	0	0	0	0	0	0	0	3	0
mmu-mir-3086 MI0014049	0	0	0	0	1	0	1	0	3	0	1	0	0	0	0
mmu-mir-323 MI0000592	43	66	40	40	31	18	19	46	17	24	73	34	99	68	67
mmu-mir-215 MI0000974	0	0	0	0	1	0	0	0	1	0	0	0	0	1	6
mmu-mir-5123 MI0018034	0	0	0	1	0	0	0	0	0	2	1	0	0	0	0
mmu-mir-532 MI0003206	339	312	228	184	313	74	75	202	98	102	387	254	350	296	460
mmu-mir-5116 MI0018025	0	0	0	0	0	0	0	0	0	0	0	1	0	0	0
mmu-mir-191 MI0000233	2502	3387	2798	2063	2293	713	866	1695	860	940	3947	1948	3428	3812	4498
mmu-mir-6907 MI0022754	0	0	0	0	0	0	0	0	0	0	0	0	1	0	0
mmu-mir-22 MI0000570	693	1053	928	956	1102	127	165	395	212	176	1449	578	1196	1228	840
mmu-mir-6901 MI0022748	0	0	0	0	0	0	0	0	1	0	0	0	0	0	1
mmu-mir-1291 MI0026023	45	51	28	68	92	36	26	56	35	63	63	22	42	35	53
mmu-let-7f-2 MI0000563	23327	20002	18402	17877	10394	15814	20593	23370	33375	20342	30498	21384	26221	19709	32854
mmu-mir-6966 MI0022814	0	1	2	0	1	2	1	0	2	3	0	2	0	0	0
mmu-mir-488 MI0004633	3	0	1	6	3	1	0	3	3	1	6	4	4	5	5
mmu-mir-29b-2 MI0000712	13	33	24	24	20	2	2	9	1	1	39	13	28	32	23
mmu-mir-7672 MI0025012	0	0	0	0	0	1	1	0	0	0	0	0	0	0	0
mmu-mir-297a-2 MI0000397	0	1	0	0	0	0	0	0	0	0	0	0	0	2	2
mmu-mir-467c MI0005512	0	3	2	1	0	0	0	2	3	0	3	0	4	5	4
mmu-mir-3095 MI0014088	1	0	0	0	2	1	3	0	0	1	0	1	0	0	8
mmu-mir-344d-1 MI0004524	0	0	0	0	0	0	1	2	0	0	0	0	0	0	0
mmu-mir-1902 MI0008313	2	5	2	4	5	3	6	8	7	14	2	6	0	1	1
mmu-mir-27b MI0000142	11961	11467	8360	7327	10273	1119	1619	4995	2140	1974	15574	9559	16457	11921	17964
mmu-mir-346 MI0000634	0	0	0	0	0	1	0	0	1	0	0	0	0	0	1
mmu-mir-700 MI0004684	2	4	1	4	7	3	1	0	4	2	6	2	4	2	9
mmu-mir-375 MI0000792	0	0	0	0	0	0	1	1	0	0	1	0	0	0	1
mmu-mir-450a-2 MI0003537	348	1116	1012	950	912	84	85	206	160	121	1812	285	1571	1312	1495
mmu-mir-6994 MI0022842	2	3	0	0	0	1	2	1	2	1	2	0	1	1	1
mmu-mir-3101 MI0014093	0	0	0	0	0	0	0	0	0	0	0	0	0	0	0
mmu-mir-7074 MI0022924	0	0	0	0	0	0	0	0	0	0	0	0	0	0	0
mmu-mir-7a-2 MI0000729	756	343	306	320	246	176	261	544	382	469	654	666	501	447	867
mmu-mir-6977 MI0022825	0	0	0	0	0	1	0	0	0	0	1	0	0	0	0
mmu-mir-466b-4 MI0014060_>mmu-mir-466b-6 MI0014067	1	1	5	1	5	0	1	0	1	0	8	0	5	2	8
mmu-mir-1928 MI0009917	0	0	0	1	0	0	0	0	0	0	0	0	0	1	0
mmu-mir-1945 MI0009934	1	0	0	0	0	0	0	0	0	0	0	0	0	0	0
mmu-mir-3058 MI0004418	0	1	3	1	3	0	0	0	0	0	1	0	2	4	4
mmu-mir-1a-2 MI0000652	1640836	1376788	1337502	999123	373222	268756	238641	626512	445462	345978	1708862	1279353	1740210	1490611	1495681
mmu-mir-8120 MI0026052	0	0	0	0	0	1	0	2	0	0	0	0	0	0	0
mmu-mir-684-2 MI0004648	1	0	4	7	5	4	4	5	2	4	0	3	1	1	0
mmu-mir-301a MI0000401	8	14	11	14	6	2	2	11	5	3	24	6	19	17	27
mmu-mir-1199 MI0006307	0	0	3	0	0	0	0	0	0	0	0	0	0	0	0
mmu-mir-7082 MI0022932	0	0	0	0	0	2	0	0	0	0	0	0	0	0	0
mmu-mir-1955 MI0009950	2	2	0	0	1	0	0	0	0	0	4	1	1	1	2
mmu-mir-666 MI0004553	295	200	114	81	190	586	429	560	663	830	272	324	160	137	221
mmu-mir-7083 MI0022933	0	0	0	0	0	0	0	0	0	1	0	1	0	0	0
mmu-mir-149 MI0000171	261	245	207	153	249	140	156	196	145	139	371	196	249	395	228
mmu-mir-652 MI0004965	53	59	27	27	72	12	11	29	17	10	68	51	62	49	91
mmu-mir-1907 MI0008325	0	0	0	0	0	0	0	1	0	0	0	0	0	0	0
mmu-mir-7656 MI0024996	0	0	0	0	0	0	0	0	0	0	1	0	0	0	0
mmu-mir-218-1 MI0000700	96	95	63	72	132	25	42	71	64	33	191	88	158	132	248
mmu-mir-30d MI0000549	12107	10426	8060	6901	8280	8470	5737	11594	8920	9638	13864	10845	11016	11049	11962
mmu-mir-7019 MI0022868	0	0	0	1	0	0	0	0	0	0	0	0	0	0	0
mmu-mir-1954 MI0009949	2	0	1	2	3	3	3	4	2	4	3	0	1	1	1
mmu-mir-365-1 MI0000768	56	146	163	107	175	22	20	31	16	21	195	78	221	188	297
mmu-mir-18a MI0000567	1	13	4	9	12	0	0	1	0	0	7	1	6	13	13
mmu-mir-3102 MI0014099	7	7	8	4	14	1	8	6	8	5	13	1	6	5	9
mmu-mir-6959 MI0022806	0	0	0	0	0	0	1	0	1	0	0	0	0	0	1
mmu-mir-19b-2 MI0000546	44	133	148	116	30	0	0	7	3	1	191	44	96	194	237
mmu-mir-7a-1 MI0000728	777	361	316	339	261	182	265	558	386	476	682	682	521	472	892
mmu-mir-3100 MI0014092	1	0	1	1	0	0	0	2	1	0	3	0	0	3	0
mmu-mir-194-2 MI0000733	26	54	52	43	36	3	0	10	5	3	77	19	69	72	77
mmu-mir-6976 MI0022824	0	0	0	0	0	0	0	0	0	0	0	0	0	2	1
mmu-mir-669d MI0006281	1	0	1	2	2	0	0	1	0	0	1	0	0	2	0
mmu-mir-546 MI0003517	0	0	0	2	3	0	7	1	2	6	0	1	1	2	0
mmu-mir-684-1 MI0004647	1	1	5	9	4	4	3	5	2	3	0	3	2	1	0
mmu-mir-491 MI0004680	2	3	2	0	1	1	0	1	0	1	2	0	2	1	4
mmu-mir-377 MI0000794	94	258	234	185	224	16	13	61	20	41	382	61	335	397	267
mmu-mir-378d MI0021951	10	8	6	3	3	1	0	5	2	7	10	5	6	11	8
mmu-mir-130a MI0000156	1	1	2	1	3	0	2	0	0	0	6	0	3	2	3
mmu-mir-5616 MI0019184	0	0	0	0	0	0	0	0	0	0	0	0	1	0	0
mmu-mir-3078 MI0014041	0	0	0	0	2	0	0	0	0	0	0	0	0	0	0
mmu-mir-574 MI0005518	12	16	15	19	18	1	8	8	4	6	23	5	18	27	38
mmu-mir-218-2 MI0000701	111	112	76	82	145	39	59	94	87	54	211	109	174	146	279
mmu-mir-7237 MI0023732	0	0	0	0	1	0	0	0	0	0	0	0	0	1	0
mmu-mir-5100 MI0018008	0	0	0	0	0	0	1	0	0	0	0	0	0	0	0
mmu-mir-680-2 MI0004641	0	0	0	0	0	0	1	0	0	0	0	0	0	0	0
mmu-mir-1927 MI0009914	0	0	0	0	0	0	0	0	0	0	0	0	1	0	0
mmu-mir-7046 MI0022895	0	0	0	0	0	0	0	0	0	0	0	0	0	0	0
mmu-mir-12181 MI0040619	0	0	0	0	0	2	0	0	0	0	1	0	0	0	0
mmu-mir-877 MI0005553	11	3	6	2	3	16	20	15	7	7	5	7	3	6	7
mmu-mir-6516 MI0022266	2	8	5	9	8	5	5	12	4	5	4	3	4	3	5
mmu-mir-187 MI0000229	3	2	3	2	8	0	0	0	2	1	4	2	3	8	4
mmu-mir-7655 MI0024995	0	0	1	0	0	0	0	0	0	0	0	0	0	0	0
mmu-mir-195a MI0000237	249	459	310	326	323	84	69	131	64	55	613	211	402	514	516
mmu-mir-6938 MI0022785	0	0	0	0	0	0	0	0	0	0	0	0	1	0	0
mmu-mir-7017 MI0022866	0	0	0	0	0	0	1	0	2	0	0	3	0	0	0
mmu-mir-302d MI0003718	0	0	0	0	0	0	0	0	0	0	0	0	0	0	0
mmu-mir-344-1 MI0000630	0	0	0	0	0	0	0	0	0	0	0	0	0	0	0
mmu-mir-6900 MI0022747	0	1	1	0	0	0	2	0	2	0	0	0	0	0	0
mmu-mir-6975 MI0022823	0	0	1	0	0	0	0	0	0	0	0	0	0	0	0
mmu-mir-3077 MI0014040	0	1	0	0	0	0	0	0	0	0	2	0	0	0	0
mmu-mir-7657 MI0024997	0	0	0	0	0	0	0	0	0	0	0	0	0	1	0
mmu-mir-7238 MI0023733	0	0	0	0	0	0	0	0	0	0	0	0	0	3	0
mmu-mir-5621 MI0019189	1	1	1	2	0	0	0	0	1	0	2	0	0	2	1
mmu-mir-3112 MI0014109	0	0	0	1	0	0	0	0	0	0	0	0	0	0	0
mmu-mir-320 MI0000704	320	277	204	168	144	346	434	348	308	335	433	277	326	358	426
mmu-mir-101b MI0000649	1386	1943	1645	1238	855	132	113	572	371	246	3185	1144	2041	1675	2112
mmu-mir-31 MI0000579	0	0	0	0	1	0	0	0	0	0	5	0	2	0	2
mmu-mir-26a-2 MI0000706	38106	38794	30518	28449	32010	10371	12056	28176	14697	14542	50967	28684	49183	43725	49995
mmu-mir-592 MI0004127	6	7	9	9	4	0	0	0	0	1	12	7	7	13	5
mmu-mir-3544 MI0019179	0	3	1	0	1	1	3	0	2	0	1	0	0	4	4
mmu-mir-379 MI0000796	12154	9397	7385	5361	6564	7251	5846	12841	12441	10449	14864	10264	10559	9884	12815
mmu-mir-466b-8 MI0014112	1	1	5	1	5	0	1	0	1	0	8	0	4	2	8
mmu-mir-7073 MI0022923	1	1	1	0	0	4	0	3	0	2	1	1	1	0	0
mmu-mir-7035 MI0022884	0	1	0	1	0	0	0	0	0	0	0	0	0	0	0
mmu-mir-7068 MI0022918	23	0	1	9	4	1	1	6	14	1	1	7	13	3	2
mmu-mir-199a-1 MI0000241	3323	6343	5194	5358	7849	315	367	1776	731	427	12306	2469	10160	8018	11040
mmu-mir-142a MI0000167	119	191	134	146	226	2	16	36	21	9	377	56	201	179	1567
mmu-mir-9769 MI0031121	0	2	1	0	1	0	0	0	0	0	0	1	0	2	1
mmu-mir-1191b MI0025021	7	3	5	5	3	1	2	3	1	0	9	4	3	6	5
mmu-mir-8105 MI0026035	1	0	0	0	0	0	0	0	0	0	0	0	0	0	0
mmu-mir-680-1 MI0004640	0	0	0	0	0	0	1	0	0	0	0	0	0	0	0
mmu-mir-188 MI0000230	6	10	5	3	11	3	0	2	0	0	12	10	14	8	12
mmu-mir-670 MI0004295	0	0	0	0	0	0	0	0	0	0	1	0	0	0	1
mmu-mir-23a MI0000571	97	146	138	114	138	19	18	45	16	20	180	110	259	190	220
mmu-mir-1247 MI0004120	1	3	1	1	0	0	1	0	1	0	1	4	2	1	2
mmu-mir-1960 MI0009957	1	1	0	0	2	1	0	1	4	2	3	0	0	4	1
mmu-mir-1198 MI0006306	71	49	35	30	51	159	167	105	145	100	80	72	66	58	72
mmu-mir-3154 MI0030343	0	0	0	0	0	0	0	0	0	0	1	0	0	0	0
mmu-mir-12191 MI0040633	1	4	1	2	1	0	2	1	1	0	4	3	5	5	6
mmu-mir-1195 MI0006303	1	0	0	0	0	0	0	1	1	0	0	0	0	0	0
mmu-mir-451a MI0001730	406	265	139	271	526	33	65	179	55	47	462	132	172	172	370
mmu-mir-124-1 MI0000716	0	0	1	0	0	0	0	0	0	0	1	0	1	1	1
mmu-mir-7048 MI0022897	0	0	0	0	0	0	0	0	1	0	0	0	0	0	0
mmu-mir-135a-2 MI0000715	0	1	1	2	7	0	0	1	1	0	3	1	14	9	10
mmu-mir-449a MI0001649	2	0	4	0	3	0	0	0	0	0	2	0	0	2	5
mmu-mir-7240 MI0023735	0	0	0	0	0	0	0	0	0	1	0	0	0	0	0
mmu-mir-668 MI0004134	52	48	40	30	32	27	22	77	25	44	73	49	61	41	62
mmu-mir-5113 MI0018022	0	0	0	1	0	0	1	1	3	0	0	0	0	0	0
mmu-mir-1958 MI0009955	1	0	0	0	0	0	0	0	0	0	0	0	1	0	0
mmu-mir-335 MI0000817	1054	1562	1287	1135	586	155	105	395	221	197	1884	816	1392	2088	1664
mmu-mir-185 MI0000227	1053	838	609	485	444	826	663	1286	824	1251	1200	1020	914	878	1116
mmu-mir-3110 MI0014107	0	0	1	1	0	0	0	0	0	0	3	0	1	1	1
mmu-mir-325 MI0000597	1	1	0	0	0	1	0	1	0	0	3	0	1	2	2
mmu-mir-384 MI0001146	1	1	2	2	3	0	3	0	0	0	3	0	3	2	3
mmu-mir-470 MI0002405	0	0	0	0	0	0	0	0	1	0	0	0	0	1	0
mmu-mir-3109 MI0014106	1	0	0	2	3	0	0	0	0	0	0	0	1	0	0
mmu-mir-7070 MI0022920	0	0	0	0	0	0	0	0	0	0	0	0	0	0	0
mmu-mir-1942 MI0009931	0	0	0	0	0	0	0	0	0	0	0	0	0	0	0
mmu-mir-1904 MI0008323	0	0	0	0	0	0	0	0	0	1	0	0	0	0	0
mmu-mir-344d-2 MI0004619	0	0	0	0	0	0	1	2	0	0	0	0	0	0	0
mmu-mir-326 MI0000598	10	8	6	2	11	0	2	1	0	4	8	3	18	7	8
mmu-mir-128-2 MI0000726	20	15	11	10	8	32	22	26	31	20	17	12	14	14	10
mmu-mir-7069 MI0022919	0	0	0	0	0	0	0	0	0	0	0	0	1	0	0
mmu-mir-92a-2 MI0000580	38	20	22	18	20	16	14	27	15	24	44	36	42	26	63
mmu-mir-3473h MI0040641	6	2	1	3	6	5	5	4	1	6	7	2	3	2	3
mmu-mir-6989 MI0022837	1	0	1	0	0	0	1	0	0	0	0	0	0	0	0
mmu-mir-7688 MI0025041	3	1	3	0	4	7	7	14	5	12	1	5	4	2	2
mmu-mir-466i MI0006282	1	0	0	3	0	0	1	0	0	0	0	0	0	0	0
mmu-mir-450b MI0004705	51	93	90	79	39	18	27	44	18	21	174	60	118	145	120
mmu-mir-693 MI0004662	0	0	1	0	0	0	0	0	0	0	0	0	0	0	0
mmu-mir-744 MI0004124	794	670	596	445	480	1044	1222	1175	1104	1339	927	669	772	855	766
mmu-mir-124-2 MI0000717	0	0	1	0	0	0	0	0	0	0	1	0	1	1	1
mmu-mir-370 MI0001165	250	130	118	123	119	191	186	307	298	319	270	255	187	177	222
mmu-mir-350 MI0000640	13	17	14	17	31	4	1	1	1	2	26	16	22	24	29
mmu-mir-217 MI0000731	1	0	1	0	1	0	0	0	0	0	1	0	2	1	2
mmu-mir-363 MI0000765	1	2	0	5	3	0	0	2	1	0	1	2	0	3	7
mmu-mir-6418 MI0021956	0	0	0	0	1	1	1	0	0	0	0	0	1	0	0
mmu-mir-378c MI0021923	9992	12917	10774	6824	6907	1364	897	4465	2486	2157	17068	7841	12744	11138	13881
mmu-mir-148b MI0000617	413	365	283	262	392	99	84	248	191	170	510	335	561	396	529
mmu-mir-702 MI0004686	0	0	0	0	0	0	2	0	0	0	0	0	1	0	1
mmu-mir-138-1 MI0000722	6	10	13	5	29	0	1	4	1	1	34	3	30	11	52
mmu-mir-3473e MI0022357	0	0	0	0	0	0	0	1	0	0	0	0	0	0	0
mmu-mir-6991 MI0022839	0	0	0	0	0	0	0	0	0	0	0	0	0	0	0
mmu-mir-1188 MI0006290	2	1	0	0	0	1	2	1	1	0	1	0	0	0	0
mmu-mir-208a MI0000555	0	0	1	0	1	0	0	0	0	1	0	0	1	1	0
mmu-mir-654 MI0005520	0	0	0	1	0	0	0	0	0	0	0	0	0	0	0
mmu-mir-1298 MI0004300	0	0	0	0	0	0	1	0	0	1	0	0	0	0	0
mmu-let-7c-1 MI0000559	9287	8907	7425	6978	7825	5085	6975	7724	8539	6484	12831	7914	10163	9129	15319
mmu-mir-146b MI0004665	875	681	524	429	516	236	250	507	393	296	1159	633	812	589	1330
mmu-mir-669l MI0009942	1	1	1	0	2	0	1	0	0	0	1	0	0	0	4
mmu-mir-499 MI0004676	142	358	290	276	195	25	48	96	115	77	589	125	396	492	359
mmu-mir-7225 MI0023720	38	21	8	46	41	193	100	85	113	141	10	26	17	15	1
mmu-mir-6911 MI0022758	3	1	1	1	2	1	1	0	0	2	2	0	0	2	0
mmu-mir-1946b MI0009967	0	0	0	0	1	0	0	0	0	0	0	0	0	0	0
mmu-mir-6964 MI0022811	1	0	0	1	0	1	0	0	1	0	1	0	1	0	0
mmu-mir-466d MI0005546	0	0	1	0	5	0	1	0	0	0	3	0	1	1	3
mmu-mir-7661 MI0025001	0	0	1	0	1	0	0	0	0	0	0	2	0	0	0
mmu-mir-9768 MI0031120	0	0	0	0	0	0	0	0	0	0	0	0	0	0	1
mmu-mir-6912 MI0022759	0	0	0	0	0	0	0	0	0	0	0	0	0	0	0
mmu-mir-3618 MI0030345	0	0	0	0	0	0	0	1	0	0	0	0	0	2	0
mmu-mir-758 MI0004129	18	11	11	5	14	13	11	16	16	18	29	14	29	19	31
mmu-mir-1187 MI0006285	0	0	0	0	0	0	0	0	0	0	0	0	0	0	0
mmu-mir-7005 MI0022854	0	0	0	0	0	0	0	0	0	0	1	0	0	0	0
mmu-mir-6941 MI0022788	0	0	0	0	0	0	0	0	0	0	0	0	1	0	0
mmu-mir-351 MI0000643	1068	854	700	417	699	363	432	891	583	764	1236	794	1188	958	1270
mmu-mir-511 MI0005554	8	5	5	4	3	0	0	7	2	3	15	3	5	6	13
mmu-mir-1197 MI0006305	2	15	17	19	18	0	2	4	0	1	26	5	22	37	28
mmu-mir-380 MI0000797	432	683	523	362	481	145	101	348	245	222	1023	410	761	793	897
mmu-mir-8104 MI0026034	0	0	0	0	0	0	0	0	0	0	0	0	0	0	0
mmu-mir-1906-1 MI0008321_>mmu-mir-1906-2 MI0015984	0	1	0	1	0	0	0	6	1	1	0	1	1	0	0
mmu-mir-10a MI0000685	4579	3794	2913	2525	3070	2166	1556	3551	1980	2119	4397	4140	4327	4043	4342
mmu-mir-181b-1 MI0000723	503	688	507	548	550	160	140	342	234	161	1028	460	758	749	969
mmu-mir-615 MI0005004	82	92	72	70	76	136	161	191	145	205	149	82	100	116	78
mmu-mir-3572 MI0018037	0	0	0	0	0	1	0	2	3	0	0	1	0	0	0
mmu-mir-7085 MI0022935	1	1	0	0	0	0	0	0	0	0	1	0	0	0	0
mmu-mir-7226 MI0023721	0	0	0	0	0	0	0	0	0	0	0	1	0	0	0
mmu-mir-496a MI0004589	67	116	65	80	89	20	13	46	9	37	149	35	146	116	107
mmu-mir-6925 MI0022772	0	0	0	0	0	0	1	0	1	0	0	0	0	0	0
mmu-mir-16-2 MI0000566	336	799	599	619	731	37	36	138	74	35	1106	278	808	910	1351
mmu-mir-1271 MI0039503	0	0	0	0	0	0	0	0	0	0	0	0	0	0	0
mmu-mir-3471-1 MI0014699	0	0	0	1	5	0	0	0	0	0	0	0	0	0	0
mmu-mir-1970b MI0040628	3	0	1	5	1	1	0	2	0	1	0	2	0	2	1
mmu-mir-365-2 MI0001645	59	147	162	108	179	27	20	37	17	25	198	81	223	193	300
mmu-mir-1843b MI0016971	219	167	122	107	139	191	184	289	217	209	242	176	173	164	189
mmu-mir-582 MI0006127	13	10	13	5	2	1	1	2	1	3	11	5	11	13	11
mmu-mir-17 MI0000687	156	453	344	259	333	20	8	59	19	21	579	126	457	500	641
mmu-mir-7018 MI0022867	0	0	1	0	0	0	0	0	0	0	0	0	0	0	0
mmu-mir-181c MI0000724	27	94	81	70	119	8	12	11	10	12	128	21	115	112	111
mmu-mir-200b MI0000243	3	5	1	5	5	1	1	4	3	1	3	1	4	2	17
mmu-mir-7071 MI0022921	1	0	0	0	0	0	0	0	0	0	0	0	0	0	0
mmu-mir-186 MI0000228	233	479	342	356	440	50	27	145	64	60	648	159	596	617	564
mmu-mir-547 MI0003523	0	0	0	0	0	0	0	2	0	0	0	0	0	0	0
mmu-mir-3076 MI0014039	0	0	0	0	0	0	0	0	0	0	2	0	0	0	0
mmu-mir-3059 MI0004412	0	0	0	0	0	0	0	0	1	0	0	0	0	0	1
mmu-mir-146a MI0000170	1267	1187	940	866	749	287	297	607	342	300	1591	1008	975	1031	1982
mmu-mir-1b MI0006283	0	0	0	0	1	0	0	0	0	0	1	0	0	0	0
mmu-mir-1970c MI0040652	0	0	0	0	0	0	0	0	0	0	0	0	0	0	0
mmu-mir-703 MI0004687	2	0	1	3	2	3	7	5	2	1	3	1	1	6	0
mmu-mir-10b MI0000221	7997	7648	5688	5421	6197	3276	2575	6020	4242	3691	8852	7040	9547	8061	11539
mmu-mir-3084-1 MI0014047_>mmu-mir-3084-2 MI0020958	2	4	1	4	6	1	1	2	1	1	2	0	1	1	3
mmu-mir-181a-2 MI0000223	2980	4252	3056	3135	4006	1028	1079	2241	1401	1239	5136	2178	4708	4397	5695
mmu-mir-1943 MI0009932	6	6	4	3	4	8	7	6	6	10	7	4	4	6	5
mmu-mir-7212 MI0023707	0	0	0	0	0	0	0	0	1	1	0	0	0	0	0
mmu-mir-32 MI0000691	23	58	36	52	32	0	0	8	9	3	91	14	58	35	82
mmu-let-7c-2 MI0000560	9351	9006	7514	7077	7910	5100	6983	7755	8561	6503	12962	7987	10280	9282	15445
mmu-mir-7675 MI0025016	0	0	0	0	0	0	0	0	0	1	1	0	0	0	0
mmu-mir-5620 MI0019188	0	0	0	0	0	0	0	0	0	0	0	0	0	1	0
mmu-mir-7689 MI0025042	9	4	10	6	16	2	1	11	2	2	18	5	9	11	11
mmu-mir-505 MI0004706	2	3	2	2	4	2	1	0	1	0	2	0	5	2	4
mmu-mir-719 MI0004651	2	0	0	0	2	2	1	0	1	1	0	1	0	1	0
mmu-mir-6906 MI0022753	0	0	0	0	0	0	0	0	0	0	0	0	0	0	0
mmu-mir-300 MI0000400	2639	2872	2275	1686	3285	560	517	2807	1638	1826	4487	1646	3837	3603	3852
mmu-mir-678 MI0004635	0	0	1	0	0	0	0	0	0	0	0	0	0	0	0
mmu-let-7g MI0000137	19506	17420	15725	13429	10413	5193	6354	12830	7864	6231	25003	18742	24382	17496	26421
mmu-mir-24-1 MI0000231	5109	9216	6635	5442	8367	1946	2353	4782	2793	2817	12656	4416	9358	9107	10265
mmu-mir-9-3 MI0000721	20	9	16	11	26	2	2	12	1	2	21	13	35	20	55
mmu-mir-135b MI0000646	4	5	4	3	2	0	2	1	0	1	5	3	1	13	10
mmu-mir-1898 MI0008324	0	0	0	0	0	0	0	0	0	0	0	0	0	0	0
mmu-mir-216b MI0004126	0	1	2	0	1	0	0	0	0	1	0	0	0	3	1
mmu-mir-467d MI0005513	2	3	5	2	3	2	2	0	0	1	6	5	4	3	11
mmu-mir-369 MI0003535	371	811	800	646	475	59	54	289	91	64	1343	384	1353	1335	1226
mmu-mir-6922 MI0022769	0	0	0	0	0	0	0	0	0	1	0	0	0	0	0
mmu-mir-6940 MI0022787	0	0	0	0	0	0	0	1	0	0	1	0	0	0	0
mmu-mir-7211 MI0023706	0	0	1	0	1	0	0	0	0	0	0	0	1	1	1
mmu-mir-297c MI0005492	1	0	0	0	0	0	0	0	0	0	0	0	2	0	2
mmu-mir-3072 MI0014035	11	13	7	4	22	6	5	7	3	1	23	5	35	12	23
mmu-mir-696 MI0004677	3	7	1	56	19	4	12	9	11	9	5	2	4	8	3
mmu-mir-6240 MI0021587	28	37	18	128	155	45	120	52	43	93	26	30	10	27	22
mmu-mir-345 MI0000632	41	60	38	40	74	10	6	23	13	12	72	38	62	60	74
mmu-mir-124-3 MI0000150	0	0	1	0	0	0	0	0	0	0	1	0	1	1	1
mmu-mir-8118 MI0026050	2	1	0	0	0	0	0	0	0	0	0	0	0	0	1
mmu-mir-8091 MI0026018	0	0	0	0	0	1	1	0	0	0	0	0	1	0	0
mmu-mir-7004 MI0022853	0	0	0	0	0	0	0	0	1	0	0	0	0	0	0
mmu-mir-489 MI0003476	1	5	4	1	1	0	0	1	1	0	8	1	3	1	6
mmu-mir-5133 MI0018045	2	0	0	0	0	0	0	0	0	0	0	0	0	0	0
mmu-mir-106a MI0000406	0	2	2	5	4	0	1	0	0	1	4	0	6	0	11
mmu-mir-181a-1 MI0000697	2894	4185	3013	3102	3968	972	1042	2163	1337	1170	5058	2104	4650	4363	5657
mmu-mir-671 MI0004133	29	24	25	17	27	44	33	44	43	68	45	26	31	40	30
mmu-mir-322 MI0000590	1166	1353	1005	622	628	456	428	909	446	682	1485	912	1273	1184	1354
mmu-mir-421 MI0005496	10	17	9	13	19	2	0	18	3	2	18	7	25	19	25
mmu-mir-698 MI0004682	0	1	0	0	0	0	0	0	0	0	0	0	0	0	0
mmu-mir-7013 MI0022862	0	0	0	0	0	0	0	0	0	1	0	0	0	1	0
mmu-mir-3473d MI0018033	0	1	0	1	1	1	1	0	0	0	2	0	1	0	0
mmu-mir-6973b MI0022851	0	0	0	0	0	0	0	0	1	0	0	0	0	0	0
mmu-mir-466m MI0014050	0	0	0	0	0	0	0	0	0	0	0	0	0	0	1
mmu-mir-16-1 MI0000565	376	830	634	647	801	45	41	159	89	46	1181	289	868	952	1406
mmu-mir-669o MI0009945	3	2	4	2	2	0	0	0	1	0	5	2	1	3	12
mmu-mir-30e MI0000259	2598	5577	4997	4577	4568	281	210	925	435	335	8096	2236	5978	6362	5510
mmu-mir-223 MI0000703	13	12	7	6	11	6	5	6	19	1	17	18	23	17	25
mmu-mir-297a-1 MI0000395	0	0	0	0	0	0	0	0	0	0	0	0	0	0	2
mmu-mir-1931 MI0009920	0	0	0	0	0	0	0	0	0	0	0	0	0	0	0
mmu-mir-122 MI0000256	13	52	4	5	94	13	16	67	10	101	0	1	1	0	7
mmu-mir-34b MI0000404	3	7	1	4	6	2	2	3	1	1	10	2	6	6	6
mmu-mir-5128 MI0018040	2	0	0	0	0	0	0	0	0	0	0	0	0	0	0
mmu-let-7i MI0000138	25054	14492	11543	10352	12091	10437	11683	21954	20281	13790	21983	23368	18038	14249	21797
mmu-mir-7673 MI0025013	0	0	0	0	0	1	0	0	0	0	0	0	0	2	0
mmu-mir-140 MI0000165	803	670	500	433	752	78	75	273	138	142	1056	576	914	646	1026
mmu-let-7f-1 MI0000562	22394	19140	17646	17171	9983	15429	20025	22551	32563	19822	29230	20574	24870	18708	31617
mmu-mir-216a MI0000699	0	0	0	0	0	0	0	0	0	0	1	0	0	0	0
mmu-mir-26b MI0000575	3188	4543	3768	3621	3107	472	755	1574	946	686	6307	2616	6877	5823	6166
mmu-mir-1224 MI0004118	0	0	0	0	0	0	1	0	0	0	0	0	0	1	1
mmu-mir-126b MI0025035	0	0	0	0	0	0	0	0	0	0	1	0	0	0	0
mmu-mir-6954 MI0022801	0	0	0	0	0	0	0	0	0	0	0	0	0	0	1
mmu-mir-7213 MI0023708	1	1	0	0	0	0	0	0	0	1	0	1	0	0	0
mmu-mir-1969 MI0009966	1	1	1	2	0	3	1	4	2	3	0	3	0	2	3
mmu-mir-344f MI0014098	1	0	0	0	0	0	0	0	1	0	0	0	0	0	0
mmu-mir-466a MI0002401	1	1	3	1	5	0	1	0	1	0	6	0	3	1	6
mmu-mir-701 MI0004685	0	4	2	5	4	0	0	0	0	0	3	3	4	8	3
mmu-mir-7677 MI0025022	0	0	0	0	0	0	0	0	0	0	0	0	0	0	0
mmu-mir-374b MI0004125	160	210	148	136	172	13	19	55	24	23	294	85	228	223	398
mmu-mir-494 MI0003532	736	1056	958	721	531	85	65	472	126	181	1409	667	1273	1220	1166
mmu-mir-1306 MI0009935	4	4	4	6	6	3	4	8	5	3	5	6	5	4	10
mmu-mir-341 MI0000625	494	676	615	530	789	56	49	335	202	192	1109	291	910	690	767
mmu-mir-5135 MI0018047	0	0	0	0	0	0	1	0	0	0	0	0	0	0	0
mmu-mir-130b MI0000408	7	6	6	4	5	9	6	8	16	9	8	8	13	6	9
mmu-mir-452 MI0001734	8	11	4	4	0	2	0	4	1	3	17	6	8	4	9
mmu-mir-151 MI0000173	840	490	364	295	474	1584	1454	967	1258	1027	734	719	498	538	538
mmu-mir-6539 MI0022355	0	0	0	0	0	0	0	0	0	0	0	0	0	0	0
mmu-mir-450a-1 MI0001653	354	1120	1021	953	911	84	86	208	160	123	1825	284	1581	1318	1506
mmu-mir-219a-2 MI0000741	0	4	2	1	1	0	0	0	0	0	4	0	1	1	0
mmu-mir-8116 MI0026048	0	0	0	0	0	0	0	1	3	0	0	0	0	1	0
mmu-mir-103-1 MI0000587	1430	1757	1413	1115	967	234	262	652	328	291	2265	1100	2247	1643	2804
mmu-mir-329 MI0000605	1307	1280	1039	699	1125	325	312	1355	403	549	1769	1110	1735	1689	1515
mmu-mir-466o MI0014052	0	0	2	0	0	0	0	0	0	0	2	0	2	1	2
mmu-mir-653 MI0005557	183	150	183	94	92	23	16	63	30	27	239	103	200	229	284
mmu-mir-1a-1 MI0000139	1640732	1376714	1337418	999027	373165	268748	238631	626472	445447	345966	1708723	1279278	1740123	1490537	1495578
mmu-mir-181b-2 MI0000823	511	727	534	574	582	153	137	348	231	159	1065	469	797	793	1002
mmu-mir-324 MI0000595	12	19	10	8	19	1	0	4	1	1	11	7	31	16	13
mmu-mir-15a MI0000564	5	20	14	16	15	3	3	2	3	0	28	7	22	20	24
mmu-mir-5122 MI0018031	0	0	0	1	0	2	2	0	0	1	3	0	0	0	2
mmu-mir-466g MI0005510	0	0	0	0	0	0	0	0	0	0	0	0	0	0	0
mmu-mir-9-2 MI0000157	20	9	16	11	26	2	2	12	1	2	21	13	35	20	55
mmu-mir-129-1 MI0000222	7	4	2	4	5	21	5	20	17	7	10	7	12	3	6
mmu-mir-3061 MI0014023	5	1	4	0	1	1	0	4	0	2	8	0	1	3	1
mmu-mir-692-2 MI0004661_>mmu-mir-692-3 MI0023541	1	2	0	4	0	1	0	2	2	7	0	2	0	0	0
mmu-mir-344-2 MI0005495	0	0	0	0	0	0	0	0	0	0	0	0	0	0	0
mmu-mir-381 MI0000798	68	81	70	40	111	22	25	46	39	29	118	65	122	106	129
mmu-mir-125a MI0000151	1184	1670	1369	1140	1484	513	630	1026	587	838	2228	898	2054	2146	2159
mmu-mir-1933 MI0009922	1	0	1	1	6	1	5	5	0	3	10	1	1	1	0
mmu-mir-7680 MI0025025	0	1	0	0	0	0	0	0	0	0	0	1	1	0	0
mmu-mir-99a MI0000146	11818	8698	7341	8388	10907	6985	8108	14433	13288	8162	17818	11546	15033	10562	15106
mmu-mir-148a MI0000550	29473	11873	8820	10401	11981	14000	11603	22028	32507	16610	20720	22791	16684	12210	19588
mmu-mir-6944 MI0022791	4	6	5	1	10	5	7	6	12	16	4	3	2	1	6
mmu-mir-429 MI0001642	0	0	0	0	1	0	0	1	0	0	0	0	0	0	0
mmu-mir-1839 MI0009991	619	511	380	320	279	201	182	443	308	241	760	555	600	554	664
mmu-mir-6935 MI0022782	0	0	0	1	1	0	0	0	2	0	0	0	0	0	0
mmu-mir-6902 MI0022749	0	0	0	0	0	0	0	0	0	0	0	0	1	0	0
mmu-mir-7024 MI0022873	0	1	0	0	0	0	0	0	0	0	1	0	0	0	0
mmu-mir-467b MI0004671	27	14	8	9	27	2	1	14	6	2	33	15	16	20	63
mmu-mir-137 MI0000163	0	0	0	0	0	0	0	0	0	0	0	0	0	0	3
mmu-mir-455 MI0004679	48	106	75	72	49	11	15	42	16	13	122	26	106	87	102
mmu-mir-3094 MI0014087	0	0	0	1	0	0	0	0	0	1	0	0	1	0	1
mmu-mir-30a MI0000144	14012	16707	13700	10899	11813	2518	1988	6627	3729	3484	23075	12580	17609	16813	19647
mmu-mir-466q MI0018032	0	0	0	0	0	0	0	0	0	0	0	0	0	0	0
mmu-mir-196a-2 MI0000553	614	779	627	471	515	180	330	449	477	227	1166	587	894	760	1364
mmu-mir-7061 MI0022910	0	0	1	0	1	0	0	0	0	0	0	0	1	2	0
mmu-mir-1903 MI0008317	0	0	0	0	1	1	0	3	1	1	2	0	0	0	1
mmu-mir-467a-2 MI0014053_>mmu-mir-467a-4 MI0014059_>mmu-mir-467a-5 MI0014062_>mmu-mir-467a-7 MI0014069_>mmu-mir-467a-8 MI0014072_>mmu-mir-467a-9 MI0014074	27	15	13	10	28	4	2	14	6	3	34	15	18	22	70
mmu-mir-410 MI0001161	9	17	12	14	14	3	3	9	4	1	26	5	15	25	24
mmu-mir-6990 MI0022838	1	2	0	0	0	0	0	0	0	0	1	0	1	0	0
mmu-mir-8107 MI0026038	0	0	0	0	0	0	0	0	0	0	0	0	0	0	0
mmu-mir-6399 MI0021935	0	0	0	0	0	0	0	1	0	0	0	0	0	0	0
mmu-mir-12195 MI0040639	0	0	0	0	0	0	0	0	0	0	0	0	0	0	0
mmu-mir-296 MI0000394	11	18	5	8	8	6	11	16	19	14	26	10	19	14	22
mmu-mir-7658 MI0024998	0	0	0	0	0	0	0	0	0	0	0	0	0	0	0
mmu-mir-145a MI0000169	2702	2250	1627	1564	3287	275	313	788	278	325	3038	1560	3713	3380	3247
mmu-mir-7054 MI0022903	0	1	0	0	0	0	0	0	0	0	0	0	0	1	0
mmu-mir-466f-3 MI0005509	0	0	0	0	0	2	0	0	0	0	0	0	1	0	0
mmu-mir-3473g MI0026054	0	0	0	0	0	0	0	0	0	0	0	0	0	0	0
mmu-let-7e MI0000561	470	447	401	351	515	301	404	374	371	395	742	422	537	553	703
mmu-mir-7664 MI0025004	0	0	0	0	0	0	0	0	0	3	0	0	0	0	0
mmu-mir-196b MI0001151	329	519	339	351	435	87	124	213	227	105	779	244	642	593	821
mmu-mir-8097 MI0026025	0	0	0	1	0	0	1	1	0	0	0	1	0	0	0
mmu-mir-27a MI0000578	1404	3001	2212	2011	3074	382	330	965	666	606	4745	1292	3142	3347	3255
mmu-mir-193b MI0005484	20	23	10	10	39	5	8	10	6	4	35	12	36	16	68
mmu-mir-7079 MI0022929	2	1	0	0	0	0	1	0	2	0	2	2	0	0	0
mmu-mir-23b MI0000141	353	416	332	277	540	98	143	195	218	80	602	310	752	503	601
mmu-mir-144 MI0000168	47	83	65	103	100	0	0	9	3	8	204	26	57	83	113
mmu-mir-6540 MI0022356	5	0	1	0	0	0	0	6	1	3	4	1	1	1	1
mmu-mir-7679 MI0025024	0	0	0	0	0	0	1	0	0	0	1	0	0	0	0
mmu-mir-7008 MI0022857	0	0	0	0	0	0	0	0	0	1	0	0	0	0	0
mmu-mir-19b-1 MI0000718	44	133	148	114	31	0	0	7	3	2	190	44	97	193	237
mmu-mir-466c-1 MI0005505	3	2	6	2	5	0	4	0	1	0	9	0	5	2	15
mmu-mir-690 MI0004658	37	33	27	139	93	74	68	102	65	90	30	26	13	15	11
mmu-mir-3087 MI0014080	0	0	0	0	0	0	0	0	0	0	2	0	0	0	0
mmu-mir-3070-2 MI0014033	0	0	0	1	0	1	2	1	2	1	0	0	2	0	0
mmu-mir-6899 MI0022746	1	0	0	0	0	0	0	0	0	0	0	2	1	1	0
mmu-mir-669m-1 MI0009943	1	1	1	3	3	0	0	0	0	0	3	0	0	0	3
mmu-mir-6988 MI0022836	1	2	0	1	0	1	1	1	2	3	1	0	0	0	1
mmu-mir-376a MI0000793	54	235	170	161	243	5	9	53	11	14	405	49	252	274	279
mmu-mir-7022 MI0022871	0	0	0	0	0	1	0	0	0	0	0	0	0	0	0
mmu-mir-6967-1 MI0022815_>mmu-mir-6967-2 MI0031752	0	0	1	0	0	0	0	0	0	0	0	0	0	0	0
mmu-mir-7231 MI0023726	0	0	0	0	0	0	0	0	1	0	0	0	0	0	0
mmu-mir-3470a MI0014696	4	1	2	20	16	10	12	4	8	15	2	8	6	5	1
mmu-mir-873a MI0005550	0	0	0	0	0	0	0	0	0	0	0	0	1	0	0
mmu-mir-9718 MI0030982	0	0	0	0	0	0	0	0	0	0	0	0	0	0	0
mmu-mir-6958 MI0022805	1	2	0	1	1	3	5	4	2	2	2	0	3	0	1
mmu-mir-376c MI0003533	14	21	14	16	10	0	1	7	2	1	23	13	22	39	20
mmu-mir-8100 MI0026029	0	0	0	0	0	0	0	0	0	0	0	0	0	0	2
mmu-mir-431 MI0001524	17	25	14	15	22	17	13	12	7	22	29	14	14	23	14
mmu-mir-7029 MI0022878	0	0	0	0	1	0	0	0	0	0	0	0	0	0	0
mmu-mir-674 MI0004611	22	24	16	8	12	9	12	10	8	17	35	20	24	20	29
mmu-mir-714 MI0004699	8	10	10	82	20	9	70	23	33	8	18	8	10	4	0
mmu-mir-7059 MI0022908	0	0	0	0	0	0	2	0	0	0	0	0	0	1	1
mmu-mir-3083b MI0040630	0	0	0	0	0	0	0	0	0	0	0	0	0	1	0
mmu-mir-3081 MI0014044	12	4	4	4	4	5	2	6	11	8	10	7	9	4	4
mmu-mir-487b MI0003534	116	316	225	185	217	25	36	89	45	43	378	125	331	316	381
mmu-mir-20a MI0000568	267	806	643	464	482	14	25	81	40	28	1034	193	891	811	1265
mmu-mir-3065 MI0014027	0	0	0	0	0	0	0	0	0	0	0	1	0	0	5
mmu-mir-206 MI0000249	32874	26911	18273	15262	24185	44986	59878	44967	68398	56270	36931	30962	26075	25053	47455
mmu-mir-1938 MI0009927	1	1	0	2	2	0	2	1	5	2	0	2	1	0	0
mmu-mir-12188 MI0040629	0	0	0	0	1	0	0	0	0	0	0	0	0	0	0
mmu-mir-183 MI0000225	11	5	2	6	14	13	19	15	30	21	13	5	24	9	46
mmu-mir-8114 MI0026046	26	27	9	11	25	43	36	20	41	144	16	19	9	11	17
mmu-mir-467a-3 MI0014056_>mmu-mir-467a-6 MI0014065_>mmu-mir-467a-10 MI0014076	27	15	13	10	28	4	2	14	6	3	34	15	18	22	70
mmu-mir-466e MI0005506	1	1	5	1	5	0	1	0	1	0	8	0	4	2	8
mmu-mir-193a MI0000235	20	22	22	19	10	11	16	12	12	11	33	29	17	31	34
mmu-mir-5623 MI0019191	0	1	0	0	0	0	0	0	0	0	0	0	0	0	0
mmu-mir-5099 MI0018007	5	0	0	1	0	1	2	1	3	2	4	2	0	1	0
mmu-mir-1249 MI0004132	0	0	0	0	3	0	0	0	0	0	1	0	0	2	1
mmu-mir-669f MI0006287	0	0	1	0	2	0	0	0	0	0	2	0	1	0	4
mmu-mir-133b MI0000821	1314	1896	1563	1561	3333	92	93	406	147	143	2860	753	2539	2750	2478
mmu-mir-344d-3 MI0004227	0	0	0	0	0	0	1	2	0	0	0	0	0	0	0
mmu-mir-466b-3 MI0005504	1	1	4	0	0	0	0	0	0	0	4	0	3	1	4
mmu-mir-5615-1 MI0019181	0	0	0	0	1	0	0	0	0	0	0	0	0	0	0
mmu-mir-6928 MI0022775	0	0	0	0	0	0	0	0	0	0	0	0	0	0	1
mmu-mir-7653 MI0024993	0	0	0	0	0	0	0	0	2	2	0	0	0	0	0
mmu-mir-485 MI0003492	319	278	209	176	253	459	557	487	442	587	404	272	321	385	268
mmu-mir-361 MI0000761	230	263	239	140	235	104	88	176	105	97	382	200	336	368	350
mmu-mir-3099 MI0004485	8	3	2	1	3	3	2	2	4	5	2	5	1	4	6
mmu-mir-879 MI0005472	0	0	1	0	1	0	0	0	0	0	0	0	0	0	1
mmu-mir-5131 MI0018043	0	0	0	0	0	0	1	0	0	0	0	0	0	0	0
mmu-mir-338 MI0000619	80	72	68	65	113	24	77	70	65	66	142	64	188	106	308
mmu-mir-6951 MI0022798	0	0	0	0	0	0	0	0	0	0	0	0	1	0	1
mmu-mir-221 MI0000709	107	148	116	110	143	14	18	50	19	10	233	108	244	173	188
mmu-mir-9-1 MI0000720	20	9	16	11	26	2	2	12	1	2	21	13	35	20	55
mmu-mir-1983 MI0009990	14	27	15	24	23	7	2	25	5	8	27	28	26	35	28
mmu-mir-376b MI0001162	267	315	257	272	354	49	85	220	106	90	481	200	343	435	376
mmu-mir-7091 MI0022941	5	1	1	2	1	0	4	3	2	9	4	3	0	1	4
mmu-mir-7117 MI0022968	0	0	0	0	0	0	0	1	0	0	0	0	0	0	0
mmu-mir-1981 MI0009992	43	41	16	19	31	139	174	90	147	88	41	47	33	23	39
mmu-mir-3079 MI0014042	0	0	2	0	0	0	0	0	0	0	0	0	0	0	1
mmu-mir-1194 MI0006299	3	0	0	0	3	9	1	2	1	3	1	0	1	0	0
mmu-mir-6896 MI0022743	0	0	0	0	0	0	0	0	0	0	0	0	1	1	0
mmu-mir-8111 MI0026043	1	1	0	1	2	3	3	0	6	2	0	3	0	3	1
mmu-mir-297a-3 MI0005488	1	0	0	0	0	0	0	0	0	0	0	0	2	0	3
mmu-mir-208b MI0005552	5	14	2	8	12	0	1	2	2	0	20	2	11	20	12
mmu-mir-5098 MI0018006	3	0	1	5	6	4	5	4	2	3	1	1	0	0	1
mmu-mir-302b MI0003716	0	0	0	0	0	0	0	0	0	0	0	0	0	0	0
mmu-mir-7236 MI0023731	0	0	0	0	0	0	1	1	0	0	0	1	0	0	0
mmu-mir-432 MI0012528	0	0	0	0	0	0	0	0	0	0	1	0	0	0	0
mmu-mir-760 MI0004605	0	0	0	0	0	0	0	1	2	1	0	0	0	1	0
mmu-mir-497b MI0026030	0	0	0	0	1	0	0	0	0	0	0	0	1	0	0
mmu-mir-6968 MI0022816	0	0	2	0	0	0	0	0	0	0	0	0	0	0	0
mmu-mir-7219 MI0023714	0	1	0	3	2	2	1	1	3	0	0	2	1	1	1
mmu-mir-3535 MI0026036	2826	2718	2074	1534	2248	5606	5660	4714	6870	9099	3272	1654	2915	2501	3368
mmu-mir-125b-2 MI0000152	3837	7344	6285	5363	6387	1101	1522	3055	1643	1730	11714	3351	9746	9998	12406
mmu-mir-299b MI0019180	1	8	6	0	7	0	1	2	0	0	9	3	5	13	7
mmu-mir-29a MI0000576	313	860	665	647	850	46	64	237	109	96	1336	332	1042	1220	1320
mmu-mir-539 MI0003520	85	116	83	58	146	42	59	113	62	54	113	96	123	118	136
mmu-mir-378a MI0000795	101545	83691	67572	48180	59882	26894	21228	57978	33109	32818	113092	69675	81532	77988	99138
mmu-mir-199a-2 MI0000713	3324	6343	5195	5361	7852	315	367	1775	731	427	12306	2473	10160	8021	11039
mmu-mir-1964 MI0009961	21	9	11	5	3	34	17	29	27	27	12	9	7	17	5
mmu-mir-434 MI0001526	30549	26290	20861	15020	24769	21900	18935	44806	29309	33571	40901	28340	29796	28128	29257
mmu-mir-1953 MI0009948	0	0	0	0	0	0	0	0	0	0	0	0	0	0	1
mmu-mir-551b MI0004131	0	0	0	0	0	0	0	0	0	0	0	0	1	2	0
mmu-mir-5625 MI0019194	0	0	0	0	1	0	1	1	1	0	0	0	1	2	0
mmu-mir-7037 MI0022886	0	0	0	0	0	0	0	3	0	0	0	0	0	0	0
mmu-mir-503 MI0003538	115	217	169	168	177	69	73	115	84	69	288	86	239	262	282
mmu-mir-1936 MI0009925	1	0	0	0	0	0	0	0	0	4	1	0	0	0	0
mmu-mir-741 MI0005205	0	1	0	0	0	0	0	0	0	0	0	0	0	0	0
mmu-mir-692-1 MI0004660	0	0	0	1	0	0	0	0	0	0	0	0	0	0	0
mmu-mir-33 MI0000707	0	1	3	2	0	0	0	0	0	0	3	2	5	0	3
mmu-mir-8112 MI0026044	1	0	0	0	0	1	1	1	0	1	0	2	1	1	1
mmu-mir-7075 MI0022925	0	0	0	0	0	0	0	0	0	0	0	0	0	0	0
mmu-mir-7090 MI0022940	0	0	0	0	0	0	0	0	0	0	1	0	1	0	0
mmu-mir-7043 MI0022892	5	3	1	1	2	9	0	7	5	1	5	6	2	1	4
mmu-mir-6929 MI0022776	0	1	0	0	0	0	2	1	1	1	0	1	0	0	0
mmu-mir-1962 MI0009959	0	0	0	0	0	0	0	0	0	0	1	0	0	0	0
mmu-mir-6985 MI0022833	0	0	0	0	0	0	0	0	0	0	0	0	0	0	0
mmu-mir-484 MI0003491	41	61	60	51	42	11	11	33	9	12	100	36	65	95	67
mmu-mir-19a MI0000688	3	60	36	39	14	0	0	5	2	1	61	7	23	44	34
mmu-mir-708 MI0004692	138	116	105	78	107	78	59	113	113	102	208	84	141	165	279
mmu-mir-28a MI0000690	121	193	160	139	232	79	59	153	110	88	280	120	205	263	300
mmu-mir-3069 MI0014031	0	0	1	3	0	0	0	1	1	0	0	0	0	0	1
mmu-mir-3074-2 MI0014104	2	0	1	3	3	3	1	4	0	1	5	2	6	2	6
mmu-mir-3097 MI0014090	0	0	0	0	1	0	0	0	0	0	0	1	0	0	0
mmu-mir-3569 MI0025014	0	0	0	0	0	1	0	0	0	0	0	0	0	0	0
mmu-mir-126a MI0000153	61148	85226	60241	55956	75315	20433	18095	45504	23727	22358	98496	45827	74092	71739	74323
mmu-mir-1892 MI0008320	0	0	1	0	0	0	1	0	0	0	0	0	0	0	0
mmu-mir-504 MI0005515	57	39	23	25	21	61	26	57	51	82	44	44	43	35	21
mmu-mir-1893 MI0008327	5	0	0	0	0	0	0	0	0	1	0	1	1	0	0
mmu-mir-669b MI0004666	1	1	1	2	3	0	0	0	0	0	3	0	0	0	3
mmu-mir-18b MI0005483	0	0	0	0	1	0	0	0	0	0	0	1	0	0	2
mmu-mir-125b-1 MI0000725	3792	7252	6219	5309	6318	1087	1509	3018	1608	1720	11572	3302	9611	9916	12252
mmu-mir-7038 MI0022887	2	0	0	0	0	0	0	0	0	1	0	0	0	0	0
mmu-mir-6996 MI0022844	0	0	0	0	0	1	0	1	0	0	0	0	0	0	0
mmu-mir-466b-5 MI0014063_>mmu-mir-466b-7 MI0014070	1	1	5	1	5	0	1	0	1	0	8	0	5	2	8
mmu-mir-1947 MI0009937	1	2	0	0	1	3	3	2	0	1	0	3	1	0	3
mmu-mir-5104b MI0040615	0	0	0	0	1	0	0	0	0	0	0	0	0	0	5
mmu-mir-201 MI0000244	0	0	1	0	0	0	0	0	0	0	0	0	0	0	0
mmu-mir-1191a MI0006296	0	1	0	1	0	2	0	1	0	0	1	1	0	0	0
mmu-mir-1193 MI0006298	55	148	111	101	102	33	21	73	24	32	228	75	210	216	176
mmu-mir-1934 MI0009923	1	1	0	1	2	2	1	1	2	3	0	0	0	2	4
mmu-mir-411 MI0001163	6374	11240	7889	6795	9392	2083	1861	9160	4357	3788	17497	6741	12830	12796	14376
mmu-mir-501 MI0004703	369	305	257	194	196	438	382	464	531	409	441	327	325	361	438
mmu-mir-1966 MI0009963	0	0	0	0	0	1	0	1	1	0	0	0	1	0	0
mmu-mir-100 MI0000692	4321	4656	3597	3681	4543	2037	1908	3496	2462	2025	6836	4283	5818	5046	6667
mmu-mir-7235 MI0023730	0	0	1	0	0	0	0	0	0	0	0	0	0	0	0
mmu-mir-483 MI0003484	197	127	100	76	116	184	204	188	157	246	150	116	133	152	161
mmu-mir-6948 MI0022795	0	2	0	0	0	0	1	1	0	0	2	0	0	1	0
mmu-mir-147 MI0005482	0	0	0	0	0	0	0	0	0	0	0	0	0	1	0
mmu-mir-6945 MI0022792	0	0	0	2	1	3	4	1	0	5	2	0	4	4	0
mmu-mir-7027 MI0022876	0	0	1	0	0	0	0	0	0	0	0	0	0	0	0
mmu-mir-6897 MI0022744	0	0	0	0	0	0	0	0	0	0	0	1	0	0	0
mmu-mir-669a-3 MI0004668	6	1	1	6	2	2	1	2	1	1	5	4	3	4	16
mmu-mir-712 MI0004696	1	0	1	21	3	0	1	3	0	1	1	1	2	2	0
mmu-mir-1963 MI0009960	3	0	4	0	0	0	0	2	2	0	1	5	1	3	1
mmu-mir-297b MI0004674	1	0	1	0	0	0	0	0	0	0	0	0	2	0	3
mmu-mir-3470b MI0014697	2	9	4	28	29	21	9	17	11	22	5	12	5	6	5
mmu-mir-433 MI0001525	68	82	55	53	43	111	101	181	115	164	118	80	71	81	67
mmu-mir-196a-1 MI0000552	550	687	565	418	438	161	302	393	449	213	1032	525	802	674	1185
mmu-mir-181d MI0005450	201	257	186	165	204	67	62	156	144	71	318	156	253	281	309
mmu-mir-675 MI0004123	18	13	8	27	30	8	7	9	26	12	9	12	18	19	16
mmu-mir-5709 MI0019318	0	1	3	3	0	0	0	0	0	0	0	1	1	0	0
mmu-mir-28c MI0016966	0	0	1	0	1	0	0	0	0	0	3	0	0	0	2
mmu-mir-669e MI0006300	0	1	0	0	0	0	0	0	0	0	1	0	1	0	1
mmu-mir-154 MI0000176	20	24	33	21	42	3	4	3	4	5	42	15	40	45	37
mmu-mir-204 MI0000247	114	144	148	91	106	78	133	145	105	135	172	82	175	191	222
mmu-mir-7651 MI0024989	0	0	0	0	0	0	0	0	0	0	0	0	0	0	1
mmu-mir-101c MI0016974	0	1	3	4	1	0	0	0	0	0	2	2	3	0	2
mmu-mir-12185 MI0040625	0	0	0	0	0	0	0	0	0	0	0	0	2	0	0
mmu-mir-7b MI0000730	1	0	1	0	1	0	0	0	0	1	0	0	2	1	0
mmu-mir-190a MI0000232	18	24	16	27	13	0	0	3	2	0	47	8	25	47	38
mmu-mir-542 MI0003522	7	13	16	7	11	1	4	7	4	1	34	14	12	22	33
mmu-mir-6998 MI0022846	0	0	0	0	0	0	0	0	0	1	0	0	0	0	0
mmu-mir-128-1 MI0000155	41	22	22	15	17	45	48	60	58	46	42	31	32	28	13
mmu-mir-669a-2 MI0004667	9	2	3	7	2	2	1	2	1	1	9	4	4	7	22
mmu-let-7a-2 MI0000557	6053	7041	6695	6455	5076	4826	6504	7016	9659	6721	10527	5995	9034	7641	11564
mmu-mir-93 MI0000581	246	443	304	274	375	14	29	94	34	25	553	116	467	462	612
mmu-mir-203 MI0000246	50	58	57	34	40	8	16	55	19	9	93	72	72	45	192
mmu-mir-21a MI0000569	7365	9305	7582	7099	7792	1427	923	4045	2541	2188	15380	6139	12348	10704	12779
mmu-mir-29c MI0000577	34	41	29	29	40	9	3	16	5	5	46	17	50	50	35
mmu-mir-5121 MI0018030	4	3	8	12	14	0	0	0	1	3	2	2	5	5	6
mmu-mir-486b MI0014103	8816	7177	5940	4339	6768	4902	5634	6595	5596	5698	12792	8851	8573	7585	9452
mmu-mir-122b MI0040634	1	0	2	0	2	0	0	1	3	1	3	1	0	0	1
mmu-mir-6546 MI0024983	0	0	0	0	1	0	0	0	0	0	0	0	0	0	0
mmu-mir-669a-4 MI0014054_>mmu-mir-669a-5 MI0014055_>mmu-mir-669a-6 MI0014058_>mmu-mir-669a-7 MI0014061_>mmu-mir-669a-8 MI0014066_>mmu-mir-669a-9 MI0014068_>mmu-mir-669a-10 MI0014073_>mmu-mir-669a-11 MI0014075_>mmu-mir-669a-12 MI0014077	9	2	3	7	2	2	1	2	1	1	9	4	4	7	22
mmu-mir-330 MI0000607	7	7	9	4	3	2	1	9	3	6	6	4	1	8	5
mmu-mir-7670 MI0025010	1	0	0	0	1	0	0	0	0	2	0	0	0	0	0
mmu-mir-7063 MI0022912	0	0	0	0	0	2	0	0	0	0	1	0	1	0	0
mmu-mir-665 MI0004171	56	112	90	48	82	10	7	40	5	23	148	23	143	134	144
mmu-mir-6955 MI0022802	0	0	0	0	2	0	0	0	0	0	0	0	0	0	0
mmu-mir-101a MI0000148	1428	2350	2313	1684	1054	106	63	474	338	204	3847	1093	2590	2267	3442
mmu-mir-669h MI0006289	0	0	0	0	0	0	0	0	1	0	0	0	0	1	0
mmu-mir-7025 MI0022874	0	0	0	0	0	0	0	0	0	0	0	0	0	0	0
mmu-mir-25 MI0000689	978	1038	732	607	838	342	418	706	394	410	1214	728	1058	1038	1599
mmu-mir-6997 MI0022845	0	0	0	0	0	0	0	0	0	0	0	0	0	0	0
mmu-mir-540 MI0003518	294	312	263	175	211	205	249	460	283	305	548	232	395	383	348
mmu-let-7a-1 MI0000556	6107	7119	6774	6540	5151	4836	6522	7050	9688	6736	10660	6039	9157	7777	11664
mmu-mir-7093 MI0022943	0	0	0	0	0	0	0	1	0	0	0	0	0	0	0
mmu-mir-493 MI0005514	1616	1345	1311	1087	941	1306	1166	2331	2347	2132	2343	1628	1911	1485	1837
mmu-mir-466b-1 MI0005502	1	1	5	1	5	0	1	0	1	0	8	0	5	2	8
mmu-mir-1950 MI0009941	0	0	0	0	0	0	0	0	0	0	0	0	0	0	0
mmu-mir-99b MI0000147	373	329	292	218	340	178	155	315	272	189	534	304	487	412	484
mmu-mir-467e MI0006128	6	7	3	4	3	3	1	4	1	0	9	2	8	5	22
mmu-mir-500 MI0004702	29	34	35	18	39	5	1	10	5	14	48	10	40	57	53
mmu-mir-7040 MI0022889	0	0	0	0	0	0	0	0	0	0	0	1	0	0	0
mmu-mir-194-1 MI0000236	5	11	14	19	8	0	0	0	2	1	18	7	12	14	20
mmu-mir-676 MI0005003	168	167	139	89	146	106	101	237	172	124	217	126	214	180	236
mmu-mir-106b MI0000407	159	130	119	73	166	95	70	129	102	115	187	129	166	163	202
mmu-mir-30c-1 MI0000547	8400	14180	12178	9300	10201	1487	1115	5965	2286	2215	19814	7748	15206	18272	14538
mmu-mir-328 MI0000603	62	83	69	37	52	43	28	82	53	45	114	70	80	95	64
mmu-mir-214 MI0000698	183	210	180	162	251	61	66	120	87	59	383	144	294	264	343
mmu-mir-192 MI0000551	254	242	195	143	201	79	85	207	136	137	355	205	289	202	360
mmu-mir-224 MI0000711	43	57	47	38	48	26	41	54	48	43	88	66	106	65	107
mmu-mir-301b MI0004122	1	1	0	0	1	0	0	0	0	0	0	2	0	0	0
mmu-mir-127 MI0000154	58249	45631	37631	26023	45803	31654	20550	60427	37718	45191	65588	43139	58756	50255	54838
mmu-mir-669d-2 MI0014051	1	0	1	2	2	0	0	1	0	0	1	0	0	2	0
mmu-mir-412 MI0001164	133	111	104	70	107	81	84	157	99	126	180	135	148	119	145
mmu-mir-466h MI0005511	0	1	0	0	0	0	0	0	0	0	0	0	0	0	0
mmu-mir-802 MI0004249	0	0	1	0	0	0	0	0	0	0	0	0	0	0	0
mmu-mir-7064 MI0022913	0	0	0	0	0	0	0	0	0	0	0	0	0	0	0
mmu-mir-6946 MI0022793	0	0	2	0	0	0	0	0	0	1	0	0	0	0	0
mmu-mir-669c MI0004673	8	1	4	5	14	5	3	3	3	2	5	1	6	6	16
mmu-mir-155 MI0000177	56	58	39	64	51	17	20	26	14	20	74	61	73	68	158
mmu-mir-15b MI0000140	22	60	32	40	53	4	3	6	2	4	59	19	51	52	117
mmu-mir-3471-2 MI0014701	0	1	0	1	4	0	1	0	0	0	0	1	0	0	0
mmu-mir-1843a MI0004155	267	166	144	128	169	104	100	272	171	158	237	199	192	160	212
mmu-mir-297a-4 MI0005489	1	0	0	0	0	0	0	0	0	0	0	0	2	0	3
mmu-mir-129-2 MI0000585	7	4	3	4	6	21	5	19	17	6	10	7	12	4	7
mmu-mir-7092 MI0022942	1	2	0	1	0	0	0	0	0	0	2	0	2	2	0
mmu-mir-6984 MI0022832	0	0	0	0	0	0	0	0	0	0	0	0	0	0	0
mmu-mir-3068 MI0014030	51	72	63	79	103	16	3	37	21	27	114	42	87	91	99
mmu-mir-544 MI0005555	0	3	2	0	1	0	0	1	0	0	2	0	3	2	1
mmu-mir-298 MI0000398	70	70	60	46	66	48	37	75	44	82	89	56	56	88	102
mmu-mir-3103 MI0014100	1	2	1	0	0	1	1	0	0	1	0	0	0	0	0
mmu-mir-7650 MI0024988	0	0	0	0	0	1	0	0	0	0	0	0	0	0	0
mmu-mir-3098 MI0014091	2	5	0	4	0	0	0	3	2	0	1	0	1	1	1
mmu-mir-211 MI0000708	0	0	0	0	0	1	0	0	1	0	0	0	0	0	6
mmu-mir-1951 MI0009946	0	0	0	0	0	0	2	0	0	0	0	0	0	0	0
mmu-mir-709 MI0004693	0	0	0	0	0	0	0	0	0	0	0	0	0	0	0
mmu-mir-6236 MI0021583	102	104	123	148	589	140	358	184	168	157	174	70	54	93	52
mmu-mir-541 MI0003521	6863	5006	4068	2756	3453	5966	6769	9357	7334	9100	6614	5940	5828	5247	6272
mmu-mir-669a-1 MI0004523	9	2	3	7	2	2	1	2	1	1	9	4	4	7	22
mmu-mir-1949 MI0009940	1	0	0	9	4	0	0	1	0	4	0	0	3	5	1
mmu-mir-686 MI0004650	0	1	1	3	4	1	0	2	4	4	3	0	1	1	0
mmu-mir-344b MI0014095	0	0	0	0	0	0	0	0	0	0	1	0	0	0	0
mmu-mir-7041 MI0022890	0	1	0	1	0	0	0	1	0	0	0	0	0	0	0
mmu-mir-6374 MI0021903	0	0	0	2	0	0	0	0	0	0	0	0	0	0	0
mmu-mir-7648 MI0024986	0	0	0	0	0	0	0	0	0	0	0	0	0	0	0
mmu-mir-598 MI0005556	1	0	0	2	0	0	1	0	0	0	1	3	1	1	4