	LN	LN	LN	LN	LN	NL	NL	NL	NL	NL	NN	NN	NN	NN	NN
mmu-mir-5134 MI0018046	0	0	0	0	0	0	0	0	0	0	0	0	0	0	0
mmu-mir-203b MI0040622	0	1	0	1	0	0	3	1	1	0	5	2	2	2	13
mmu-mir-3473c MI0018015	0	0	0	0	1	0	0	0	1	0	0	0	0	0	0
mmu-mir-3091 MI0014084	0	0	0	1	0	0	0	0	0	0	0	0	1	0	0
mmu-mir-150 MI0000172	61	80	65	46	80	10	19	31	21	13	87	45	126	106	311
mmu-mir-881 MI0005474	1	0	0	0	0	0	0	0	0	0	0	0	1	0	0
mmu-mir-212 MI0000696	19	14	20	13	14	3	10	10	10	6	17	16	13	19	11
mmu-mir-1231 MI0019183	0	0	0	0	0	0	0	2	0	0	0	1	0	0	0
mmu-mir-5125 MI0018036	0	0	0	2	2	0	0	0	0	0	4	0	2	1	2
mmu-mir-6953 MI0022800	0	0	0	0	0	1	1	0	0	0	0	1	0	0	0
mmu-mir-490 MI0005002	0	1	0	1	0	0	0	0	0	0	0	0	2	4	0
mmu-mir-199b MI0000714	2565	2494	2078	2242	2360	239	333	1251	499	302	4757	2077	4347	3016	4525
mmu-mir-98 MI0000586	300	351	305	265	229	74	108	250	199	124	509	299	475	363	542
mmu-mir-12189 MI0040631	0	0	0	0	0	0	0	0	0	0	0	0	1	1	0
mmu-mir-200c MI0000694	6	4	2	2	8	1	5	11	2	3	3	4	3	7	31
mmu-mir-677 MI0004634	223	390	288	317	553	105	115	165	149	171	465	133	368	524	328
mmu-mir-683-1 MI0004646_>mmu-mir-683-2 MI0010690	0	0	0	0	0	0	0	0	0	0	0	0	0	0	0
mmu-mir-138-2 MI0000164	5	15	15	8	30	0	1	5	1	1	41	3	34	13	62
mmu-mir-132 MI0000158	10	19	11	24	18	8	4	15	4	1	31	17	24	27	28
mmu-mir-141 MI0000166	0	0	0	0	2	0	0	0	0	0	0	0	1	0	1
mmu-mir-1668 MI0026040	0	0	0	0	0	0	0	1	2	1	0	0	0	0	2
mmu-mir-1930 MI0009919	0	1	0	0	1	0	0	0	0	1	0	0	0	0	0
mmu-mir-6481 MI0022051	3	5	5	5	6	0	0	5	0	0	4	3	1	0	0
mmu-mir-7010 MI0022859	1	1	1	1	2	1	2	0	3	2	3	1	1	2	3
mmu-mir-7051 MI0022900	0	0	0	1	0	0	0	0	0	0	0	0	0	0	0
mmu-mir-3074-1 MI0014037	2	2	4	3	5	4	1	8	1	2	7	3	7	4	10
mmu-mir-200a MI0000554	4	4	5	2	4	0	2	3	4	0	3	2	7	2	24
mmu-mir-344g MI0014097	0	0	0	0	0	0	0	0	0	0	0	0	1	0	0
mmu-mir-669p-1 MI0014064_>mmu-mir-669p-2 MI0014071	6	2	1	8	6	2	3	4	2	1	8	8	5	4	18
mmu-mir-466p MI0014078	2	1	3	2	6	0	1	0	1	0	5	0	4	2	8
mmu-mir-337 MI0000615	2768	3195	2863	2156	2762	1115	1110	3169	1224	1387	4635	2609	4003	3777	3432
mmu-mir-342 MI0000627	12	5	3	4	5	5	13	7	13	9	5	6	8	10	18
mmu-mir-190b MI0005478	1	8	6	4	9	0	0	1	2	5	7	6	7	4	2
mmu-mir-30b MI0000145	96	81	71	54	105	33	57	74	37	49	143	64	101	124	135
mmu-mir-3064 MI0014026	1	0	0	3	1	2	1	2	1	1	2	0	1	0	2
mmu-mir-5107 MI0018016	0	0	0	0	1	0	0	0	0	0	1	0	0	0	2
mmu-mir-362 MI0000763	94	179	175	128	152	4	4	26	4	5	300	75	245	213	260
mmu-mir-6921 MI0022768	0	0	0	0	0	0	0	0	0	0	0	0	0	0	0
mmu-mir-7669 MI0025009	0	0	1	0	1	0	0	0	0	1	0	0	2	0	0
mmu-mir-673 MI0004601	570	368	318	201	261	770	790	976	848	1035	515	480	410	423	415
mmu-mir-92b MI0005521	5	2	4	1	1	0	3	2	2	3	1	1	4	0	7
mmu-mir-7014 MI0022863	0	0	0	0	0	0	0	0	0	0	0	0	0	0	1
mmu-mir-8094 MI0026021	4	3	2	5	0	6	7	9	2	2	1	1	2	0	1
mmu-mir-7674 MI0025015	0	0	0	0	0	0	0	0	0	0	0	0	0	0	1
mmu-mir-6934 MI0022781	0	1	0	0	0	0	0	0	1	0	0	0	0	0	0
mmu-mir-6962 MI0022809	0	0	0	0	0	0	0	0	0	0	0	0	0	1	0
mmu-mir-7687 MI0025039	0	0	0	0	0	3	1	0	0	0	0	0	0	0	0
mmu-mir-465a MI0002400	0	0	0	0	0	0	0	0	0	0	0	0	0	0	1
mmu-mir-30c-2 MI0000548	10862	16968	14739	11592	12420	1874	1404	7432	2852	2725	23905	9983	18537	22186	17051
mmu-mir-465b-1 MI0005498_>mmu-mir-465b-2 MI0005499	0	1	0	0	0	0	0	0	0	0	0	0	0	0	0
mmu-mir-743b MI0005470	0	0	0	0	0	0	0	0	0	0	0	0	0	0	0
mmu-mir-6980 MI0022828	0	0	0	0	2	0	0	1	0	0	0	0	0	0	0
mmu-mir-3082 MI0014045	6	2	2	3	2	0	0	3	2	0	1	4	0	3	1
mmu-mir-136 MI0000162	3094	3416	3046	3095	3632	659	640	2163	1459	1034	6940	2441	4173	3761	3548
mmu-mir-770 MI0004203	62	21	30	10	33	138	130	131	185	184	50	55	35	36	36
mmu-mir-182 MI0000224	22	17	14	8	13	16	38	29	50	48	20	22	49	9	127
mmu-mir-3474 MI0014707	0	0	1	0	2	2	1	1	1	1	1	1	1	0	0
mmu-mir-107 MI0000684	243	314	213	205	198	33	32	109	25	35	357	159	414	311	468
mmu-mir-6392 MI0021926	0	0	0	0	1	0	0	0	0	0	0	1	0	0	0
mmu-mir-5130 MI0018042	0	0	0	1	0	1	0	0	0	0	0	1	0	0	0
mmu-mir-5129 MI0018041	1	0	1	4	2	2	1	2	2	4	5	0	2	1	1
mmu-mir-6952 MI0022799	0	0	0	0	0	3	0	0	0	0	0	0	0	0	1
mmu-mir-34c MI0000403	35	47	42	56	77	0	2	13	10	3	99	22	67	52	79
mmu-mir-34a MI0000584	17	16	14	23	44	0	0	2	1	0	44	9	36	35	58
mmu-mir-29b-1 MI0000143	7	35	21	20	22	4	1	4	1	3	33	10	24	37	24
mmu-mir-3060 MI0014022	0	1	2	0	0	0	0	0	0	0	1	0	4	0	5
mmu-mir-7060 MI0022909	0	0	0	0	0	0	0	0	0	0	0	0	0	1	0
mmu-mir-682 MI0004644	2	4	6	16	11	1	10	14	11	9	6	10	1	3	1
mmu-mir-466c-2 MI0014057_>mmu-mir-466c-3 MI0031753	4	2	6	3	9	0	4	0	1	0	11	0	6	3	17
mmu-mir-7652 MI0024992	0	0	0	0	0	0	0	0	0	0	0	2	0	0	0
mmu-mir-8106 MI0026037	0	0	0	1	0	0	0	0	0	0	0	0	0	0	0
mmu-mir-543 MI0003519	282	263	276	242	227	313	317	525	421	371	545	361	468	435	290
mmu-mir-667 MI0004196	72	56	47	43	49	43	58	109	65	84	90	53	66	68	56
mmu-mir-5103 MI0018011	0	0	0	0	0	0	0	0	0	0	0	0	0	0	0
mmu-mir-1968 MI0009965	2	2	2	5	3	2	3	2	1	1	9	5	1	10	5
mmu-mir-8115 MI0026047	1	0	0	4	1	1	1	1	2	2	0	1	0	0	1
mmu-mir-222 MI0000710	47	70	56	40	62	35	39	39	20	19	111	49	83	80	97
mmu-mir-143 MI0000257	61838	64445	47572	46098	72459	18543	15980	37767	25152	24733	97715	63636	92752	74655	77549
mmu-mir-1192 MI0006297	0	0	0	0	2	0	0	0	0	0	1	0	0	0	0
mmu-mir-26a-1 MI0000573	50318	49339	39549	38127	41528	12951	14681	35715	19517	17752	66509	37901	64963	56627	62463
mmu-mir-8098 MI0026026	0	0	0	0	1	1	0	0	0	0	1	2	1	0	0
mmu-mir-3473f MI0026016	12	13	4	28	28	12	14	15	6	9	12	13	16	3	6
mmu-mir-7067 MI0022916	0	0	0	0	0	2	0	0	0	0	0	0	0	0	0
mmu-mir-6538 MI0022354	1	0	0	1	1	0	0	1	2	0	0	0	0	0	2
mmu-mir-495 MI0004639	220	222	185	182	202	130	144	205	131	157	373	204	278	279	199
mmu-mir-7665 MI0025005	0	0	0	0	0	0	0	0	0	0	0	0	0	0	0
mmu-mir-3070-1 MI0014032	0	0	0	2	1	2	1	0	2	0	1	0	1	0	0
mmu-mir-103-2 MI0000588	1702	2120	1690	1333	1209	264	309	762	392	333	2705	1287	2643	1969	3365
mmu-mir-6898 MI0022745	0	0	0	0	0	0	0	0	0	0	0	0	0	3	0
mmu-mir-3086 MI0014049	0	0	0	0	1	0	1	0	3	0	2	0	0	0	0
mmu-mir-323 MI0000592	56	74	46	47	42	24	25	54	25	25	82	45	106	81	77
mmu-mir-532 MI0003206	718	600	456	392	579	163	137	403	252	205	764	531	677	557	823
mmu-mir-5116 MI0018025	0	0	0	0	1	0	0	0	0	0	0	1	0	0	0
mmu-mir-191 MI0000233	3244	3978	3388	2541	2692	903	1078	2161	1144	1184	4796	2513	4215	4572	5377
mmu-mir-6907 MI0022754	0	0	0	0	0	0	0	0	0	0	0	0	1	0	0
mmu-let-7f-2 MI0000563	28938	23206	21277	20923	12215	18471	23870	28069	39224	23248	35160	26480	31023	23106	37377
mmu-mir-1291 MI0026023	60	57	36	85	109	43	34	69	41	74	80	30	54	46	64
mmu-mir-6966 MI0022814	0	1	2	0	1	3	3	3	2	3	0	3	0	1	0
mmu-mir-297a-2 MI0000397	1	1	0	0	0	0	0	0	0	0	0	0	0	2	2
mmu-mir-467c MI0005512	1	4	4	1	3	0	2	4	3	0	5	1	7	6	12
mmu-mir-3095 MI0014088	2	0	0	3	2	1	4	0	0	1	2	1	1	1	8
mmu-mir-27b MI0000142	14762	14109	10361	9249	12574	1528	2046	6351	2879	2597	19139	11845	19944	14802	21403
mmu-mir-1902 MI0008313	3	5	2	5	5	4	8	9	9	14	2	7	0	1	1
mmu-mir-346 MI0000634	0	1	0	0	0	1	0	0	1	0	0	0	0	0	1
mmu-mir-700 MI0004684	7	7	8	5	12	6	1	2	4	2	12	3	7	8	14
mmu-mir-375 MI0000792	0	0	0	0	0	0	1	1	0	0	1	0	0	0	1
mmu-mir-7a-2 MI0000729	938	406	366	376	286	209	303	652	463	548	757	811	590	520	983
mmu-mir-466b-4 MI0014060_>mmu-mir-466b-6 MI0014067	2	1	5	2	6	0	1	0	1	0	8	0	6	4	10
mmu-mir-1928 MI0009917	1	1	0	1	1	1	0	1	0	0	0	0	0	1	0
mmu-mir-3058 MI0004418	0	1	3	1	4	0	0	1	0	0	4	4	3	4	4
mmu-mir-3962 MI0016967	0	0	0	0	0	0	0	0	0	0	0	1	0	0	0
mmu-mir-1a-2 MI0000652	2071451	1671993	1611204	1233507	462051	339203	294243	791252	569016	425190	2109742	1656649	2117887	1819371	1814412
mmu-mir-7094-2 MI0022945	0	0	0	0	0	0	0	0	0	0	0	0	0	0	1
mmu-mir-8120 MI0026052	0	0	0	0	0	1	1	2	0	0	0	0	0	0	1
mmu-mir-301a MI0000401	10	16	17	20	15	3	3	13	5	3	27	11	22	19	32
mmu-mir-7082 MI0022932	0	0	0	0	0	2	0	0	0	0	0	0	0	0	0
mmu-mir-1955 MI0009950	3	2	1	0	1	0	0	0	1	0	4	1	1	2	2
mmu-mir-6380 MI0021911	2	0	0	0	0	0	0	0	0	0	0	0	0	0	0
mmu-mir-666 MI0004553	397	250	143	109	221	702	528	713	788	953	312	407	189	171	254
mmu-mir-149 MI0000171	426	402	346	246	398	207	236	327	201	196	563	326	435	623	368
mmu-mir-7656 MI0024996	1	0	0	0	0	0	0	0	0	0	1	0	0	0	0
mmu-mir-218-1 MI0000700	145	141	91	114	195	40	60	116	100	66	309	135	250	210	381
mmu-mir-365-1 MI0000768	75	170	181	129	205	24	28	51	21	29	239	94	265	217	342
mmu-mir-18a MI0000567	2	16	8	14	16	0	0	4	2	2	9	2	9	15	19
mmu-mir-3100 MI0014092	2	0	2	1	0	0	0	5	1	2	3	0	1	3	1
mmu-mir-7094-1 MI0022944	0	0	0	0	0	0	0	0	0	0	0	0	0	0	1
mmu-mir-1970 MI0009968	0	0	0	0	1	0	0	0	0	0	0	0	0	0	0
mmu-mir-546 MI0003517	0	0	0	4	4	0	7	1	2	6	0	1	1	2	0
mmu-mir-684-1 MI0004647	1	3	5	10	5	4	4	5	2	3	0	5	3	1	0
mmu-mir-491 MI0004680	2	3	3	0	1	1	0	2	1	1	2	0	2	1	4
mmu-mir-378d MI0021951	11571	7581	6192	5219	5924	2559	2035	6666	2560	2982	9339	7619	8389	7480	8067
mmu-mir-130a MI0000156	12	21	11	14	27	2	3	13	3	5	24	17	20	20	16
mmu-mir-5616 MI0019184	0	0	0	0	0	0	0	0	0	0	0	0	1	0	0
mmu-mir-574 MI0005518	25	26	21	36	37	4	12	15	7	7	46	19	45	46	49
mmu-mir-218-2 MI0000701	168	160	109	128	210	56	79	145	134	98	334	168	267	233	419
mmu-mir-8103 MI0026033	0	0	0	1	0	1	0	0	1	1	0	2	0	0	0
mmu-mir-5100 MI0018008	1	2	3	0	1	0	1	1	0	3	1	0	0	0	0
mmu-mir-12181 MI0040619	0	0	0	0	0	2	0	0	0	0	1	0	0	0	0
mmu-mir-877 MI0005553	13	3	10	3	4	20	22	20	8	10	9	8	4	7	7
mmu-mir-7655 MI0024995	0	0	1	0	0	0	0	0	0	0	0	0	0	0	0
mmu-mir-195a MI0000237	311	543	366	394	387	110	85	157	91	70	745	262	487	620	599
mmu-mir-6938 MI0022785	0	0	0	0	0	0	0	0	0	0	0	0	1	0	0
mmu-mir-7017 MI0022866	0	0	1	0	0	0	1	0	2	0	0	3	0	0	0
mmu-mir-302d MI0003718	0	0	0	0	0	0	0	0	0	0	0	0	0	0	0
mmu-mir-6900 MI0022747	0	1	1	0	0	0	2	0	2	0	0	0	0	0	0
mmu-mir-6975 MI0022823	0	0	1	0	0	0	0	0	0	0	0	0	0	0	0
mmu-mir-3077 MI0014040	0	1	0	0	0	0	0	0	0	1	2	0	0	0	0
mmu-mir-5621 MI0019189	2	1	1	3	1	0	0	0	1	0	2	1	0	3	2
mmu-let-7k MI0022352	4	1	0	0	1	1	1	1	1	3	2	4	2	1	1
mmu-mir-21b MI0021906	0	0	0	0	0	0	1	0	0	0	4	1	4	0	1
mmu-mir-142b MI0026028	0	0	0	1	0	0	0	0	0	0	0	0	0	0	1
mmu-mir-101b MI0000649	2198	3257	2793	2302	1690	208	170	956	609	378	5493	1832	3618	3052	3584
mmu-mir-3544 MI0019179	0	3	1	0	1	2	3	0	2	0	2	0	0	6	5
mmu-mir-379 MI0000796	16136	12003	9509	7017	8394	9346	7465	16739	15782	13242	18645	13575	13857	12739	16290
mmu-mir-7073 MI0022923	1	1	1	0	0	4	2	4	1	2	1	1	1	0	0
mmu-mir-7035 MI0022884	0	1	0	1	0	0	0	0	0	1	0	0	0	0	0
mmu-mir-145b MI0021890	0	0	0	0	0	0	0	0	0	0	0	0	0	0	0
mmu-mir-7068 MI0022918	25	0	3	12	6	1	2	8	18	1	1	8	16	4	2
mmu-mir-199a-1 MI0000241	4379	7578	6172	6486	9041	424	486	2337	952	576	14528	3264	12283	9559	13048
mmu-mir-9769 MI0031121	0	3	1	0	2	0	0	0	0	0	0	2	0	2	1
mmu-mir-1929 MI0009918	0	0	0	0	0	0	0	0	0	0	0	0	0	0	0
mmu-mir-1191b MI0025021	7	3	6	6	3	1	2	3	2	0	9	4	5	10	5
mmu-mir-680-1 MI0004640	0	0	0	0	0	0	1	0	0	0	0	0	0	0	0
mmu-mir-670 MI0004295	0	0	0	0	0	0	0	0	0	0	1	0	0	0	1
mmu-mir-7119 MI0022970	0	0	0	1	0	0	0	0	0	0	0	0	0	0	0
mmu-mir-3089 MI0014082	0	0	0	0	0	0	0	0	0	1	0	0	0	2	0
mmu-mir-1960 MI0009957	1	1	0	0	2	2	0	2	5	3	7	0	1	4	1
mmu-mir-12191 MI0040633	2	4	3	2	2	0	2	1	1	0	5	3	5	5	6
mmu-mir-451a MI0001730	464	306	161	308	596	36	72	205	62	50	518	146	198	189	401
mmu-mir-124-1 MI0000716	0	0	1	0	0	0	0	0	0	0	1	0	2	2	3
mmu-mir-7048 MI0022897	0	0	0	0	0	0	0	0	1	0	0	0	0	0	0
mmu-mir-135a-2 MI0000715	0	1	1	2	7	0	0	1	1	0	6	1	18	9	10
mmu-mir-7240 MI0023735	0	0	0	0	0	0	0	0	0	1	0	0	0	0	0
mmu-mir-5113 MI0018022	0	0	0	1	2	0	1	1	3	0	1	0	0	0	0
mmu-mir-185 MI0000227	1336	998	718	578	553	1023	800	1524	1067	1476	1438	1266	1105	1040	1312
mmu-mir-3110 MI0014107	0	0	2	1	0	0	0	0	0	0	3	0	1	1	2
mmu-mir-470 MI0002405	0	0	0	0	0	0	0	0	1	0	0	0	0	1	0
mmu-mir-3109 MI0014106	1	0	0	2	3	0	0	0	0	0	0	0	1	0	0
mmu-mir-1942 MI0009931	0	0	0	0	0	0	0	0	0	0	0	0	0	0	0
mmu-mir-344d-2 MI0004619	0	0	0	0	0	0	1	2	0	0	0	0	0	0	0
mmu-mir-326 MI0000598	17	13	8	6	18	1	2	4	0	4	16	5	28	12	15
mmu-mir-128-2 MI0000726	59	37	50	33	23	111	106	126	117	88	75	43	57	57	42
mmu-mir-704 MI0004688	3	0	1	1	0	0	0	0	3	2	0	0	0	3	1
mmu-mir-3473h MI0040641	13	4	4	13	10	7	13	16	13	10	10	6	8	6	5
mmu-mir-219c MI0025034	1	0	0	0	0	0	0	0	0	0	0	0	0	0	0
mmu-mir-466i MI0006282	2	1	0	3	0	1	2	0	0	0	0	0	0	1	0
mmu-mir-7662 MI0025002	0	1	0	0	0	0	0	0	0	0	0	0	1	0	0
mmu-mir-124-2 MI0000717	0	0	1	0	0	0	0	0	0	0	1	0	2	2	3
mmu-mir-370 MI0001165	347	165	154	165	154	235	224	400	384	387	343	317	240	223	282
mmu-mir-217 MI0000731	1	0	1	1	1	0	0	3	0	0	1	0	3	1	2
mmu-mir-6418 MI0021956	0	0	0	0	2	1	1	0	0	0	0	0	1	2	0
mmu-mir-148b MI0000617	999	765	571	576	761	281	221	683	496	356	1090	788	1117	787	1056
mmu-mir-138-1 MI0000722	7	16	15	10	29	0	1	5	1	2	43	3	36	15	61
mmu-mir-5112 MI0018021	0	0	0	0	0	1	0	0	0	0	0	0	0	0	0
mmu-let-7c-1 MI0000559	11876	10804	9080	8619	9654	6225	8505	9724	10742	7865	15614	10302	12560	11182	18239
mmu-mir-669l MI0009942	1	1	1	0	2	0	1	0	0	0	1	0	0	0	7
mmu-mir-499 MI0004676	158	396	329	310	219	32	58	116	137	89	649	148	457	558	385
mmu-mir-1946b MI0009967	1	0	0	0	2	0	0	0	1	0	0	1	0	0	1
mmu-mir-466d MI0005546	0	0	1	0	6	0	2	1	0	0	7	0	2	1	5
mmu-mir-7661 MI0025001	0	0	1	0	1	0	0	0	0	0	0	2	0	0	0
mmu-mir-6912 MI0022759	0	0	0	0	0	0	0	0	0	0	0	0	0	0	0
mmu-mir-758 MI0004129	25	18	13	13	20	13	15	22	18	24	34	16	33	24	36
mmu-mir-1187 MI0006285	1	0	0	2	0	0	0	0	0	0	0	0	0	0	0
mmu-mir-7005 MI0022854	0	0	0	1	0	0	0	0	0	0	1	0	0	0	0
mmu-mir-6417 MI0021955	0	0	0	0	0	0	0	0	0	0	0	0	0	0	0
mmu-mir-351 MI0000643	1731	1319	1083	658	1100	617	666	1400	941	1248	1847	1328	1870	1459	1777
mmu-mir-1197 MI0006305	6	18	20	23	21	0	2	5	0	3	32	6	28	45	31
mmu-mir-380 MI0000797	558	798	629	447	569	167	112	436	284	257	1213	490	910	930	1059
mmu-mir-3108 MI0014105	0	0	0	0	0	0	0	0	0	0	0	0	0	0	1
mmu-mir-615 MI0005004	123	124	110	101	106	179	211	262	177	260	224	123	148	175	131
mmu-mir-7085 MI0022935	2	1	0	0	0	0	0	0	0	0	1	0	0	1	0
mmu-mir-7226 MI0023721	0	0	0	0	0	0	0	0	0	0	0	1	0	0	0
mmu-mir-6925 MI0022772	0	0	0	0	0	0	1	1	1	0	0	0	0	0	0
mmu-mir-3471-1 MI0014699	0	0	0	2	10	0	0	1	0	1	0	0	0	0	1
mmu-mir-1970b MI0040628	4	0	2	5	1	1	0	2	0	1	0	3	0	3	3
mmu-mir-365-2 MI0001645	80	173	180	133	210	30	30	56	24	35	243	95	268	221	345
mmu-mir-17 MI0000687	188	510	397	296	377	24	9	69	24	25	627	145	520	543	711
mmu-mir-582 MI0006127	18	11	16	5	3	3	1	3	1	3	12	9	14	15	12
mmu-mir-7018 MI0022867	0	0	1	0	0	0	0	0	0	0	0	0	0	0	0
mmu-mir-181c MI0000724	36	111	102	85	140	9	13	20	10	14	164	25	143	135	132
mmu-mir-186 MI0000228	298	572	431	450	578	60	33	175	74	72	831	198	736	766	702
mmu-mir-547 MI0003523	3	5	3	2	3	0	0	7	1	0	2	0	5	1	1
mmu-mir-3076 MI0014039	0	0	0	0	0	0	0	0	1	0	2	0	0	0	0
mmu-mir-3059 MI0004412	0	0	0	0	0	0	1	0	1	0	1	0	0	0	1
mmu-mir-1b MI0006283	0	0	0	0	1	0	0	0	0	0	1	0	0	0	0
mmu-mir-1970c MI0040652	0	0	0	0	0	0	0	0	0	0	0	1	0	0	0
mmu-mir-703 MI0004687	2	6	2	7	8	7	11	8	10	4	4	4	4	6	1
mmu-mir-3084-1 MI0014047_>mmu-mir-3084-2 MI0020958	2	5	1	5	6	1	1	2	1	1	2	1	1	1	3
mmu-mir-181a-2 MI0000223	3467	4897	3595	3709	4691	1183	1242	2613	1660	1387	5979	2555	5458	5185	6489
mmu-mir-1943 MI0009932	10	6	4	3	4	10	9	7	12	10	7	4	4	6	5
mmu-mir-124b MI0040637	0	0	0	0	0	0	0	0	0	0	0	0	0	0	0
mmu-mir-32 MI0000691	26	62	42	57	35	0	1	8	10	3	97	16	60	39	88
mmu-let-7c-2 MI0000560	12217	11282	9520	8979	9995	6301	8622	9931	10863	8012	16252	10621	13173	11912	18889
mmu-mir-7675 MI0025016	0	0	0	0	0	0	0	0	0	1	1	0	0	0	0
mmu-mir-505 MI0004706	4	4	4	2	4	2	1	0	2	1	4	0	8	4	6
mmu-mir-719 MI0004651	4	0	0	0	3	3	1	0	1	1	0	1	0	1	0
mmu-mir-6906 MI0022753	0	0	0	0	0	0	0	0	0	0	0	0	0	0	0
mmu-mir-300 MI0000400	3524	3690	2938	2241	4168	708	617	3452	1938	2183	5703	2235	5032	4722	4984
mmu-let-7g MI0000137	24215	20456	18517	16165	12371	6238	7659	15686	9685	7436	29220	23305	29127	20655	30504
mmu-mir-24-1 MI0000231	6753	12753	9259	8096	12127	2256	2754	5944	3253	3307	17229	5877	13265	13112	14377
mmu-mir-1898 MI0008324	0	0	0	0	0	0	0	0	0	0	0	0	0	0	0
mmu-mir-5126 MI0018038	2	0	0	4	1	0	1	2	5	0	0	0	0	0	0
mmu-mir-6940 MI0022787	0	0	0	0	0	0	0	1	0	0	1	0	0	0	0
mmu-mir-297c MI0005492	1	0	0	0	0	0	0	0	0	0	0	1	2	0	2
mmu-mir-6240 MI0021587	308	389	327	1659	1812	501	1628	706	515	631	255	358	137	172	220
mmu-mir-124-3 MI0000150	0	0	1	0	0	0	0	0	0	0	1	0	2	2	3
mmu-mir-8118 MI0026050	4	1	0	0	0	0	0	0	0	0	0	0	0	0	1
mmu-mir-8091 MI0026018	0	0	0	0	0	1	2	0	0	0	0	0	1	0	0
mmu-mir-489 MI0003476	1	7	4	1	1	0	0	1	1	0	8	1	3	2	7
mmu-mir-671 MI0004133	61	36	42	25	41	88	55	88	75	107	69	52	43	56	52
mmu-mir-322 MI0000590	1587	1761	1327	860	895	591	560	1236	641	864	1981	1264	1728	1607	1808
mmu-mir-421 MI0005496	12	21	9	15	21	3	0	20	4	3	23	10	29	30	28
mmu-mir-3473d MI0018033	1	3	1	2	2	1	2	3	0	4	2	1	2	2	0
mmu-mir-7013 MI0022862	0	0	0	0	0	0	0	0	0	1	0	0	0	1	0
mmu-mir-28b MI0016979	0	0	1	0	0	0	0	0	0	0	0	0	0	1	0
mmu-mir-6970 MI0022818	0	0	0	0	0	0	0	0	0	1	0	0	0	0	0
mmu-mir-669o MI0009945	3	2	4	3	6	0	1	0	1	0	6	5	1	3	16
mmu-mir-30e MI0000259	3601	7251	6461	6173	6067	407	314	1310	624	474	10577	3102	7995	8171	7037
mmu-mir-223 MI0000703	18	18	14	9	14	6	13	9	28	7	24	21	29	22	34
mmu-mir-297a-1 MI0000395	1	0	0	0	0	0	0	0	0	0	0	0	0	0	2
mmu-mir-122 MI0000256	26	62	4	5	122	20	19	91	14	130	0	1	1	0	9
mmu-let-7i MI0000138	34190	20058	16320	14550	16410	12963	14474	28568	26398	17118	29967	31439	25759	19877	30187
mmu-mir-140 MI0000165	1217	1048	752	695	1129	126	106	415	248	228	1582	901	1364	1008	1585
mmu-mir-1224 MI0004118	0	0	0	0	0	0	1	0	0	1	0	0	0	1	1
mmu-mir-7213 MI0023708	1	1	0	0	0	0	0	1	0	1	0	1	1	0	1
mmu-mir-344f MI0014098	1	0	0	0	0	0	0	0	1	0	0	0	0	0	0
mmu-mir-701 MI0004685	0	4	2	5	4	0	0	0	0	0	3	3	5	10	5
mmu-mir-7677 MI0025022	0	0	0	0	0	0	0	0	0	0	0	0	0	0	0
mmu-mir-1306 MI0009935	6	4	5	8	7	4	4	10	9	5	7	7	6	6	12
mmu-mir-6972 MI0022820	0	0	0	0	0	0	2	0	0	0	0	0	0	0	0
mmu-mir-452 MI0001734	9	12	5	4	0	2	0	5	4	3	20	6	10	6	10
mmu-mir-329 MI0000605	1599	1472	1216	853	1314	396	359	1637	502	637	2090	1359	2095	1981	1771
mmu-mir-324 MI0000595	21	29	18	12	28	1	5	6	3	1	27	16	48	26	33
mmu-mir-5122 MI0018031	0	0	0	1	0	2	3	0	0	1	3	0	0	0	2
mmu-mir-3061 MI0014023	8	4	5	0	1	1	0	4	1	2	10	1	4	4	1
mmu-mir-344-2 MI0005495	0	0	0	0	2	0	0	0	0	0	2	3	1	0	0
mmu-mir-6369 MI0021898	0	1	0	0	0	0	0	0	0	0	0	0	0	0	0
mmu-mir-125a MI0000151	1676	2110	1815	1545	1928	793	905	1502	977	1238	2840	1299	2811	2744	2722
mmu-mir-7680 MI0025025	0	1	1	0	0	0	2	0	0	0	1	1	1	0	0
mmu-mir-99a MI0000146	16483	12372	10078	11790	15783	9226	10392	19702	18163	10590	24891	16312	20879	14998	21061
mmu-mir-148a MI0000550	34797	13526	10088	12100	13750	16129	13085	25505	39483	18704	23836	26931	19258	13934	21898
mmu-mir-429 MI0001642	0	0	0	0	1	0	0	1	0	0	0	0	0	0	1
mmu-mir-1839 MI0009991	809	636	480	414	341	259	256	569	389	313	960	730	779	672	840
mmu-mir-6935 MI0022782	0	0	0	1	1	0	0	0	2	0	0	0	0	0	0
mmu-mir-6902 MI0022749	0	0	0	0	0	0	0	0	0	0	0	0	1	0	0
mmu-mir-137 MI0000163	0	0	0	0	1	0	0	0	0	0	0	0	0	0	3
mmu-mir-455 MI0004679	115	166	113	115	95	43	25	90	70	41	228	74	184	154	169
mmu-mir-467a-2 MI0014053_>mmu-mir-467a-4 MI0014059_>mmu-mir-467a-5 MI0014062_>mmu-mir-467a-7 MI0014069_>mmu-mir-467a-8 MI0014072_>mmu-mir-467a-9 MI0014074	34	19	17	13	32	4	3	17	7	4	44	18	24	33	82
mmu-mir-6399 MI0021935	0	0	0	0	0	0	0	1	0	0	0	0	0	0	0
mmu-mir-145a MI0000169	3689	2825	2117	2017	4209	355	419	1052	353	416	3906	2157	4733	4297	4014
mmu-mir-7054 MI0022903	0	1	0	0	0	1	0	0	0	0	3	0	0	1	0
mmu-mir-3473g MI0026054	1	0	2	1	0	0	0	0	0	0	0	1	0	0	0
mmu-let-7e MI0000561	725	643	572	514	681	429	591	571	568	553	1074	640	828	805	973
mmu-mir-193b MI0005484	25	30	20	14	45	8	10	10	6	4	40	15	41	22	75
mmu-mir-7079 MI0022929	2	1	0	0	0	0	1	0	2	0	2	2	1	0	0
mmu-mir-23b MI0000141	1995	2045	1724	1775	2771	527	638	1211	1005	665	2968	2178	3439	2349	2541
mmu-mir-144 MI0000168	52	94	76	125	113	0	1	12	3	8	229	28	68	93	123
mmu-mir-7679 MI0025024	0	0	0	0	1	0	1	0	0	0	1	0	0	0	0
mmu-mir-7008 MI0022857	0	0	0	0	0	0	0	0	0	1	0	0	0	0	0
mmu-mir-690 MI0004658	60	67	52	315	179	137	122	180	115	149	55	79	31	25	29
mmu-mir-3070-2 MI0014033	1	0	0	1	0	1	3	1	2	1	0	0	2	0	0
mmu-mir-3087 MI0014080	0	0	0	0	0	0	0	0	0	0	2	0	0	0	1
mmu-mir-6899 MI0022746	1	0	0	0	0	0	1	0	0	0	0	2	1	2	0
mmu-mir-669m-1 MI0009943	2	1	1	3	3	0	0	0	0	1	3	0	0	0	3
mmu-mir-6967-1 MI0022815_>mmu-mir-6967-2 MI0031752	0	0	1	0	0	0	0	0	0	0	0	0	0	0	0
mmu-mir-3470a MI0014696	14	14	5	54	33	19	38	23	16	36	3	19	6	6	3
mmu-mir-376c MI0003533	69	63	44	56	51	6	5	33	19	11	96	46	87	117	77
mmu-mir-8100 MI0026029	0	0	0	0	0	0	0	0	0	0	0	0	0	0	2
mmu-mir-3081 MI0014044	17	5	7	7	9	8	3	11	15	16	15	11	11	9	7
mmu-mir-20a MI0000568	313	882	701	504	525	18	26	92	47	30	1132	229	977	891	1378
mmu-mir-12188 MI0040629	1	0	0	0	1	0	0	0	0	0	0	0	0	0	0
mmu-mir-183 MI0000225	11	6	4	7	14	13	21	20	39	25	15	5	25	13	53
mmu-mir-5623 MI0019191	0	1	0	0	0	0	0	0	0	0	0	0	0	0	0
mmu-mir-1249 MI0004132	1	2	2	1	4	0	7	1	0	2	1	0	3	4	2
mmu-mir-466b-3 MI0005504	2	1	4	1	1	0	0	0	0	0	4	0	4	2	4
mmu-mir-5615-1 MI0019181	0	0	0	0	1	0	0	0	0	0	0	0	1	0	0
mmu-mir-6928 MI0022775	0	0	0	0	0	0	0	0	0	0	0	0	0	0	1
mmu-mir-7653 MI0024993	0	0	0	0	0	0	0	1	2	2	0	0	0	0	0
mmu-mir-879 MI0005472	0	0	1	0	1	0	0	0	0	0	0	2	1	0	1
mmu-mir-221 MI0000709	178	215	177	172	212	27	35	82	36	23	349	172	366	258	292
mmu-mir-1983 MI0009990	21	34	20	25	32	9	3	29	7	10	44	29	40	54	32
mmu-mir-376b MI0001162	358	377	300	325	415	56	97	270	127	107	565	239	438	531	440
mmu-mir-7117 MI0022968	0	0	0	0	0	0	0	1	0	0	0	0	0	0	0
mmu-mir-1981 MI0009992	87	59	39	29	48	231	271	163	228	168	74	77	53	47	65
mmu-mir-3079 MI0014042	0	0	2	0	0	0	0	0	0	0	1	0	0	0	1
mmu-mir-6896 MI0022743	0	0	0	0	0	0	0	2	0	0	0	0	1	1	0
mmu-mir-297a-3 MI0005488	2	0	0	0	0	0	0	0	0	0	0	1	2	0	3
mmu-mir-302b MI0003716	0	0	0	0	0	0	0	0	0	0	0	0	0	0	0
mmu-mir-432 MI0012528	0	0	0	0	0	0	0	0	0	0	1	0	0	0	0
mmu-mir-6968 MI0022816	0	0	2	0	0	0	0	0	0	0	0	0	0	0	0
mmu-mir-7219 MI0023714	0	1	0	3	2	2	1	1	3	0	0	3	1	3	2
mmu-mir-3535 MI0026036	3631	3323	2552	1851	2701	7025	7061	6023	8567	11257	3918	2128	3569	3043	3995
mmu-mir-125b-2 MI0000152	4949	8754	7597	6420	7537	1415	1884	3969	2175	2181	14106	4442	11967	11760	14751
mmu-mir-299b MI0019180	2	10	7	0	8	0	1	3	0	0	11	3	5	14	7
mmu-mir-539 MI0003520	106	141	97	72	166	50	75	131	78	59	140	118	167	138	149
mmu-mir-1953 MI0009948	0	0	0	0	0	0	0	0	0	0	0	0	0	0	1
mmu-mir-551b MI0004131	0	0	0	0	0	0	0	0	0	0	0	0	1	2	0
mmu-mir-5625 MI0019194	0	0	0	0	1	0	1	1	1	0	0	0	1	2	0
mmu-mir-7037 MI0022886	0	0	0	0	0	0	0	4	0	0	0	0	0	0	0
mmu-mir-741 MI0005205	0	1	0	0	0	0	0	0	0	0	0	0	0	0	0
mmu-mir-692-1 MI0004660	1	0	0	2	0	0	0	0	0	0	0	0	0	0	0
mmu-mir-7075 MI0022925	0	0	0	0	0	0	0	0	0	0	0	0	0	0	0
mmu-mir-7043 MI0022892	6	3	2	2	2	9	1	7	5	1	6	7	3	1	4
mmu-mir-6929 MI0022776	0	1	0	1	0	0	3	1	1	1	0	1	0	0	1
mmu-mir-3074-2 MI0014104	2	0	2	3	3	4	1	8	1	1	5	3	7	4	10
mmu-mir-3569 MI0025014	0	0	0	0	0	1	0	0	0	0	0	0	0	0	0
mmu-mir-6413 MI0021950	0	0	0	0	0	0	0	0	1	0	0	0	0	0	0
mmu-mir-125b-1 MI0000725	4872	8635	7508	6339	7445	1393	1873	3920	2140	2169	13927	4379	11766	11645	14549
mmu-mir-7038 MI0022887	2	0	0	1	0	1	0	0	0	1	0	0	0	0	0
mmu-mir-6996 MI0022844	0	0	0	0	0	1	0	1	0	0	0	0	0	0	0
mmu-mir-466b-5 MI0014063_>mmu-mir-466b-7 MI0014070	2	1	5	2	6	0	1	0	1	0	8	0	6	4	10
mmu-mir-1947 MI0009937	2	3	0	0	2	3	4	3	3	2	0	3	1	0	3
mmu-mir-1191a MI0006296	0	1	0	2	1	3	0	2	1	0	3	2	5	3	2
mmu-mir-501 MI0004703	557	456	393	299	314	569	498	714	682	596	658	524	526	537	636
mmu-mir-7116 MI0022967	0	0	0	0	0	0	0	0	0	0	0	0	0	0	0
mmu-mir-100 MI0000692	5758	5909	4572	4767	5862	2653	2522	4596	3305	2600	8694	5750	7441	6309	8315
mmu-mir-147 MI0005482	0	0	0	0	0	0	0	2	0	0	0	0	1	1	0
mmu-mir-6897 MI0022744	0	0	0	0	0	0	0	0	0	0	0	1	0	0	0
mmu-mir-3470b MI0014697	30	44	28	163	130	96	81	117	92	123	21	63	22	25	21
mmu-mir-181d MI0005450	259	301	242	221	281	86	82	202	191	85	413	218	343	361	409
mmu-mir-675 MI0004123	22	25	10	34	46	8	7	11	27	13	18	14	22	33	27
mmu-mir-5709 MI0019318	0	1	3	3	0	0	0	0	0	0	0	1	1	0	0
mmu-mir-28c MI0016966	11	3	6	0	7	2	3	6	3	2	13	9	7	7	11
mmu-mir-669e MI0006300	0	1	0	0	0	0	1	0	0	0	1	0	1	0	2
mmu-mir-7651 MI0024989	0	1	0	0	0	0	0	0	0	0	0	0	0	0	1
mmu-mir-101c MI0016974	1	2	9	6	1	0	0	3	0	0	9	5	9	2	2
mmu-mir-12185 MI0040625	0	0	2	0	0	0	0	0	0	0	0	0	2	0	0
mmu-mir-7b MI0000730	9	0	3	1	2	1	1	2	2	3	0	8	3	6	0
mmu-mir-542 MI0003522	16	28	29	17	14	3	5	14	7	9	56	22	26	30	68
mmu-mir-6998 MI0022846	0	0	0	0	0	0	0	0	0	1	0	0	0	0	0
mmu-mir-3083 MI0014046	1	0	0	1	0	0	0	0	0	0	0	0	0	0	0
mmu-mir-7036b MI0024991	0	1	0	0	0	0	0	0	0	0	0	0	0	0	0
mmu-mir-5121 MI0018030	5	3	8	17	15	0	0	1	1	3	4	2	7	6	7
mmu-mir-122b MI0040634	4	0	2	0	2	0	0	1	4	1	3	1	1	0	1
mmu-mir-6546 MI0024983	0	0	0	0	1	0	0	0	0	0	0	0	0	0	0
mmu-mir-669a-4 MI0014054_>mmu-mir-669a-5 MI0014055_>mmu-mir-669a-6 MI0014058_>mmu-mir-669a-7 MI0014061_>mmu-mir-669a-8 MI0014066_>mmu-mir-669a-9 MI0014068_>mmu-mir-669a-10 MI0014073_>mmu-mir-669a-11 MI0014075_>mmu-mir-669a-12 MI0014077	9	3	3	10	7	2	4	4	2	1	12	8	6	7	26
mmu-mir-7243 MI0025043	0	0	0	0	0	0	0	0	0	0	0	0	0	0	0
mmu-mir-330 MI0000607	13	15	10	8	15	3	3	15	8	17	13	7	10	17	10
mmu-mir-101a MI0000148	2236	3642	3563	2677	1724	161	103	730	560	318	5984	1743	4228	3513	5399
mmu-mir-6997 MI0022845	0	0	0	0	0	0	0	0	0	0	0	0	0	0	0
mmu-mir-540 MI0003518	486	459	399	261	323	389	398	747	446	528	784	398	589	569	534
mmu-mir-466b-1 MI0005502	2	1	5	2	6	0	1	0	1	0	8	0	6	4	10
mmu-mir-1950 MI0009941	0	0	0	0	0	0	0	0	0	0	0	0	0	0	0
mmu-mir-6364 MI0021893	0	0	0	0	0	0	0	0	0	0	0	0	0	0	0
mmu-mir-99b MI0000147	519	482	429	301	495	247	227	445	373	269	722	446	659	549	661
mmu-mir-467e MI0006128	7	9	3	6	6	3	1	4	1	0	14	2	9	6	27
mmu-mir-500 MI0004702	36	42	44	22	48	7	1	13	6	14	68	18	40	70	67
mmu-mir-7040 MI0022889	0	0	0	0	0	0	0	0	0	0	0	1	0	0	0
mmu-mir-676 MI0005003	260	262	225	174	236	215	199	380	338	233	356	237	326	277	383
mmu-mir-2137 MI0010750	1	2	0	3	1	0	2	1	0	0	0	0	0	0	1
mmu-mir-328 MI0000603	371	387	354	288	225	262	231	535	300	331	568	368	419	532	310
mmu-mir-214 MI0000698	276	297	265	242	340	108	120	181	130	111	532	219	415	373	472
mmu-mir-192 MI0000551	511	390	289	256	351	250	206	503	368	368	580	474	487	355	551
mmu-mir-224 MI0000711	53	64	56	50	54	31	49	63	62	55	103	80	123	81	127
mmu-mir-301b MI0004122	1	2	0	0	1	0	0	0	0	0	0	3	0	0	1
mmu-mir-7115 MI0022966	0	0	0	0	0	0	0	0	0	1	0	0	0	0	0
mmu-mir-6412 MI0021949	0	0	1	0	0	1	2	7	1	1	0	6	1	1	1
mmu-mir-3471-2 MI0014701	0	1	0	6	8	1	1	1	2	7	0	4	0	0	1
mmu-mir-5119 MI0018028	0	0	0	0	0	0	0	0	0	0	0	0	0	1	0
mmu-mir-297a-4 MI0005489	2	0	0	0	0	0	0	0	0	0	0	1	2	0	3
mmu-mir-129-2 MI0000585	10	6	4	6	10	23	12	22	20	11	15	11	15	6	8
mmu-mir-7676-1 MI0025017_>mmu-mir-7676-2 MI0025018	0	0	0	0	0	0	0	0	0	0	1	0	0	0	0
mmu-mir-544 MI0005555	2	4	4	3	2	0	0	1	0	0	8	0	4	6	3
mmu-mir-3103 MI0014100	1	2	1	0	0	2	1	0	0	1	0	0	0	0	0
mmu-mir-7650 MI0024988	0	0	0	0	0	1	0	0	0	0	0	0	0	0	0
mmu-mir-1951 MI0009946	0	0	0	0	0	0	2	0	0	0	0	0	0	0	0
mmu-mir-6236 MI0021583	167	154	187	208	913	203	489	292	221	214	277	100	85	135	88
mmu-mir-541 MI0003521	9306	6523	5355	3661	4631	7276	8154	12013	9104	10950	8653	7909	7779	6940	7994
mmu-mir-669a-1 MI0004523	9	3	3	10	7	2	4	4	2	1	12	8	6	7	26
mmu-mir-1949 MI0009940	2	0	0	12	4	2	0	1	0	4	0	0	3	5	1
mmu-mir-686 MI0004650	0	1	2	3	4	2	0	2	4	4	3	0	1	1	1
mmu-mir-344b MI0014095	0	0	0	0	0	0	0	0	0	0	1	0	0	0	0
mmu-mir-7041 MI0022890	0	1	0	1	0	0	0	1	0	0	0	0	0	0	0
mmu-mir-6374 MI0021903	0	0	0	2	0	0	0	0	0	0	0	0	0	0	0
mmu-mir-7648 MI0024986	0	0	0	0	0	0	0	0	0	0	0	0	0	0	0
mmu-mir-598 MI0005556	1	1	0	2	0	0	1	1	1	1	2	3	1	1	4
mmu-mir-6923 MI0022770	0	0	0	0	0	1	0	0	0	0	0	0	0	0	0
mmu-mir-7036a MI0022885	0	0	0	0	0	0	0	0	1	0	0	0	0	0	0
mmu-mir-219a-1 MI0000702	3	6	4	3	8	0	0	1	2	2	3	1	2	7	2
mmu-mir-8092 MI0026019	0	0	0	0	0	0	0	0	0	0	0	0	0	1	0
mmu-mir-134 MI0000160	55	42	38	20	40	40	49	67	40	63	68	54	50	50	56
mmu-mir-383 MI0000800	1	0	0	0	0	1	1	0	1	1	2	0	1	0	0
mmu-let-7b MI0000558	4263	4112	3220	2943	4159	1729	2559	2608	2349	2078	5233	3226	4368	4656	5570
mmu-mir-3071 MI0014034	0	0	1	0	0	0	0	0	0	0	0	0	0	1	0
mmu-mir-466n MI0014079	0	0	1	0	0	0	0	0	0	0	0	0	0	0	0
mmu-mir-6366 MI0021895	0	0	0	1	0	0	0	0	0	0	0	0	0	0	0
mmu-mir-7667 MI0025007	0	0	0	0	0	0	0	1	1	0	0	1	0	2	0
mmu-mir-7012 MI0022861	1	0	0	0	1	0	0	0	0	0	0	0	0	0	0
mmu-mir-12201 MI0040647	0	0	0	0	0	0	0	0	0	0	0	0	0	0	0
mmu-mir-497a MI0004636	2	8	4	7	10	0	0	3	0	1	10	0	8	9	13
mmu-mir-133a-1 MI0000159	12862	22332	20469	19681	25217	976	957	4497	1330	1074	31741	8852	29894	30141	25086
mmu-mir-3062 MI0014024	0	0	0	0	1	0	1	0	0	1	0	0	0	0	0
mmu-mir-672 MI0004258	1	3	5	1	4	1	6	2	3	2	3	3	0	7	9
mmu-mir-6905 MI0022752	0	0	0	1	0	0	1	0	0	0	0	0	0	0	0
mmu-mir-874 MI0005479	5	11	5	7	5	1	3	5	1	1	20	10	17	22	10
mmu-mir-3473b MI0016997	7	3	0	9	5	8	10	5	2	7	2	5	4	3	8
mmu-mir-679 MI0004638	70	51	48	26	46	44	56	100	74	70	63	64	46	50	55
mmu-mir-688 MI0004653	0	0	0	0	0	0	0	0	0	0	0	0	1	0	0
mmu-mir-7685 MI0025036	1	0	0	0	0	0	2	0	1	0	2	0	0	2	0
mmu-mir-6914 MI0022761	0	1	0	0	0	0	0	0	0	0	0	0	0	0	0
mmu-mir-6932 MI0022779	0	0	0	0	0	0	0	0	0	0	0	0	0	0	1
mmu-mir-3472 MI0014704	0	0	0	1	0	0	0	0	0	1	0	0	2	0	0
mmu-mir-5132 MI0018044	0	0	1	0	0	1	3	1	1	0	1	0	2	0	0
mmu-mir-8108 MI0026039	0	0	0	0	0	0	1	2	0	5	0	0	1	0	0
mmu-mir-6950 MI0022797	0	0	0	0	0	2	1	0	1	2	1	0	1	0	0
mmu-mir-20b MI0003536	4	9	13	3	7	1	0	1	3	1	12	5	10	8	37
mmu-mir-378b MI0016973	209	178	134	110	119	35	38	91	41	55	230	120	216	187	189
mmu-mir-664 MI0012531	31	33	22	17	31	22	24	19	14	16	27	25	29	52	28
mmu-mir-7021 MI0022870	1	3	1	0	2	0	0	4	1	2	1	2	2	0	1
mmu-mir-210 MI0000695	26	53	49	44	86	5	1	11	4	4	116	18	87	55	82
mmu-mir-5114 MI0018023	0	1	0	0	0	1	1	1	0	1	0	0	0	0	0
mmu-mir-24-2 MI0000572	7059	13321	9735	8529	12887	2324	2801	6145	3404	3414	18180	6165	13896	13735	15046
mmu-mir-139 MI0000693	52	36	29	27	27	52	42	53	35	42	39	50	37	51	35
mmu-mir-423 MI0004637	788	636	614	407	508	516	498	741	502	655	944	666	836	741	833
mmu-mir-135a-1 MI0000161	0	1	1	2	7	0	0	1	1	0	6	1	18	9	10
mmu-mir-299a MI0000399	1096	2049	1764	1378	1893	137	94	590	265	253	2968	690	2608	2837	2334
mmu-mir-466f-2 MI0005508	3	2	0	1	1	0	1	0	0	0	1	0	0	1	2
mmu-mir-669n MI0009951	0	0	0	0	0	0	0	0	0	0	0	0	0	0	0
mmu-mir-340 MI0000623	487	757	648	603	482	69	71	272	165	162	1188	450	955	826	1215
mmu-mir-466b-2 MI0005503	2	1	5	2	6	0	1	0	1	0	8	0	6	4	10
mmu-mir-6910 MI0022757	0	0	0	0	0	0	0	0	0	0	0	0	0	0	0
mmu-mir-467a-1 MI0002402	34	19	17	13	32	4	3	17	7	4	44	18	24	33	82
mmu-mir-872 MI0005549	191	243	200	240	217	22	28	108	62	34	399	144	327	296	418
mmu-mir-7007 MI0022856	0	0	0	1	2	1	0	0	0	0	1	0	1	0	0
mmu-mir-382 MI0000799	1257	1225	1145	811	643	403	568	1154	747	635	1643	1113	1595	1304	1490
mmu-mir-6927 MI0022774	0	1	0	0	0	0	0	0	0	0	0	0	0	0	0
mmu-mir-331 MI0000609	27	17	16	14	23	5	0	8	5	3	22	9	21	23	14
mmu-mir-466k MI0006292	0	1	0	0	0	0	0	0	0	0	0	0	1	0	0
mmu-mir-409 MI0001160	1284	1361	1066	816	1067	390	403	1119	441	547	1831	1061	1904	1596	1563
mmu-mir-5710 MI0019319	0	0	0	0	0	0	0	0	0	2	0	0	0	0	0
mmu-mir-184 MI0000226	3	2	2	1	1	3	2	2	15	4	2	2	1	1	2
mmu-mir-92a-1 MI0000719	397	306	272	298	346	362	338	456	407	366	528	346	447	350	606
mmu-mir-205 MI0000248	0	4	0	2	1	0	0	8	3	1	0	0	3	0	0
mmu-mir-449c MI0004645	0	0	2	0	0	1	0	0	0	0	1	0	0	0	0
mmu-mir-1932 MI0009921	0	1	0	0	0	0	0	0	0	1	0	0	1	0	0
mmu-mir-3057 MI0014020	10	4	2	3	4	6	8	10	4	5	7	9	8	14	6
mmu-mir-6715 MI0025026	0	0	0	0	0	0	0	0	0	0	0	0	0	2	0
mmu-mir-425 MI0001447	84	96	100	92	138	16	17	40	28	19	132	74	114	116	154
mmu-mir-339 MI0000621	73	171	131	114	156	3	8	40	15	18	245	59	206	229	222
mmu-mir-5615-2 MI0019182	0	0	0	0	1	0	0	0	0	0	0	0	1	0	0
mmu-mir-1941 MI0009930	0	2	0	0	2	0	0	0	0	0	1	0	0	0	2
mmu-mir-3066 MI0014028	1	1	1	2	0	0	1	2	2	0	3	3	0	1	1
mmu-mir-5136 MI0018048	0	0	1	1	0	1	2	7	0	0	0	0	2	1	2
mmu-let-7j MI0021908	2423	1626	1419	1210	1250	657	809	1878	1459	1017	2447	1973	2179	1619	2543
mmu-mir-6238 MI0021585	0	0	0	0	0	0	0	1	0	0	0	0	0	0	0
mmu-mir-152 MI0000174	4689	4937	3756	3446	3599	786	793	1940	1550	1045	6878	3470	6801	4938	7521
mmu-mir-486a MI0003493	15334	12272	10016	7525	11860	9955	10639	12342	11040	11625	20120	15006	14166	12530	15411
mmu-mir-8101 MI0026031	0	0	0	0	0	0	0	1	1	1	0	2	0	0	0
mmu-mir-669m-2 MI0009944	2	1	1	3	3	0	0	0	0	1	3	0	0	0	3
mmu-mir-7030 MI0022879	0	1	0	2	0	0	0	0	0	0	0	0	0	0	0
mmu-let-7d MI0000405	4365	5365	4882	3815	3906	2638	4110	5066	4052	3741	7384	4112	6376	6147	7150
mmu-mir-96 MI0000583	1	3	3	0	7	0	1	1	0	0	2	0	7	0	4
mmu-mir-133a-2 MI0000820	12832	22306	20434	19647	25189	968	953	4472	1321	1073	31722	8833	29863	30120	25083
mmu-mir-5110 MI0018019	0	0	1	0	0	0	0	0	0	0	0	0	0	0	0
mmu-mir-215 MI0000974	0	1	0	0	1	0	0	0	1	0	0	0	1	1	6
mmu-mir-5123 MI0018034	0	0	0	1	0	0	0	0	0	2	1	0	0	0	0
mmu-mir-22 MI0000570	1728	2523	2409	2759	3165	267	305	878	490	364	3892	1268	3122	3267	2193
mmu-mir-6901 MI0022748	2	0	0	0	0	0	0	0	1	0	0	0	0	0	2
mmu-mir-488 MI0004633	3	1	1	6	3	1	0	3	3	1	8	4	7	6	8
mmu-mir-29b-2 MI0000712	16	43	30	28	28	3	2	9	1	1	43	15	29	42	27
mmu-mir-7672 MI0025012	0	0	0	0	0	2	1	0	0	0	0	0	0	0	0
mmu-mir-344d-1 MI0004524	0	0	0	0	0	0	1	2	0	0	0	0	0	0	0
mmu-mir-706 MI0004690	0	0	0	1	0	2	0	3	0	0	1	0	0	0	0
mmu-mir-450a-2 MI0003537	405	1252	1151	1052	1041	99	104	242	176	143	2033	346	1782	1479	1665
mmu-mir-6994 MI0022842	2	3	0	0	0	1	2	1	2	2	3	0	2	2	1
mmu-mir-3101 MI0014093	0	0	0	0	0	0	0	0	0	0	0	0	0	0	0
mmu-mir-7074 MI0022924	0	0	0	0	0	0	0	0	0	0	0	0	0	0	0
mmu-mir-6977 MI0022825	0	0	0	1	0	1	0	0	0	0	2	0	0	0	0
mmu-mir-1945 MI0009934	1	0	0	0	0	0	0	0	0	0	0	0	0	0	0
mmu-mir-684-2 MI0004648	1	2	4	8	6	4	5	5	2	4	0	5	2	1	0
mmu-mir-1199 MI0006307	0	0	3	0	0	0	0	0	0	0	0	0	0	0	0
mmu-mir-7083 MI0022933	0	0	1	1	3	1	0	0	0	1	0	2	0	0	0
mmu-mir-652 MI0004965	214	231	171	140	303	32	35	82	49	32	317	173	315	196	412
mmu-mir-1907 MI0008325	0	0	0	0	0	0	0	1	0	0	0	0	0	0	0
mmu-mir-1971 MI0009970	0	0	1	0	0	0	0	0	0	0	0	0	0	0	0
mmu-mir-30d MI0000549	16309	13153	10421	9029	10538	10111	6822	14662	10778	11358	17820	14245	14278	14120	14965
mmu-mir-5101 MI0018009	0	1	0	0	0	0	0	0	0	0	0	2	1	0	0
mmu-mir-7019 MI0022868	0	0	0	1	0	0	0	0	0	0	0	0	0	0	0
mmu-mir-7057 MI0022906	0	0	0	0	0	0	0	0	0	0	0	3	0	0	0
mmu-mir-1954 MI0009949	8	4	2	19	8	20	10	21	20	19	6	8	3	3	3
mmu-mir-3102 MI0014099	10	11	8	8	19	5	10	8	9	6	16	3	10	12	11
mmu-mir-6959 MI0022806	0	0	0	0	0	0	1	0	1	0	0	0	0	0	1
mmu-mir-7a-1 MI0000728	964	426	376	405	307	216	308	666	468	557	792	828	619	555	1011
mmu-mir-19b-2 MI0000546	55	158	177	141	51	1	0	9	5	5	230	54	127	223	269
mmu-mir-194-2 MI0000733	34	75	63	59	56	4	0	17	9	5	97	32	89	106	92
mmu-mir-6976 MI0022824	0	0	0	0	0	0	0	0	0	0	0	0	0	2	1
mmu-mir-669d MI0006281	1	2	2	2	2	0	0	1	0	0	1	0	1	4	1
mmu-mir-3964 MI0016970	1	0	0	0	0	0	0	0	0	0	0	0	0	0	5
mmu-mir-377 MI0000794	121	302	300	237	282	20	16	85	22	54	456	78	429	492	331
mmu-mir-3078 MI0014041	0	0	0	0	2	0	0	0	0	0	0	0	0	0	0
mmu-mir-3473a MI0014706	1	0	0	1	2	0	1	1	2	1	5	0	2	1	0
mmu-mir-7237 MI0023732	0	0	0	0	1	0	0	0	0	0	0	0	0	1	0
mmu-mir-680-2 MI0004641	0	0	0	0	1	0	1	0	0	0	0	0	0	0	0
mmu-mir-1927 MI0009914	0	0	2	0	0	0	0	0	0	0	0	0	1	0	0
mmu-mir-7046 MI0022895	0	0	0	0	0	0	0	0	0	0	0	0	0	0	0
mmu-mir-7084 MI0022934	0	0	0	0	0	0	0	0	0	0	0	0	0	0	1
mmu-mir-6516 MI0022266	4	8	6	10	10	7	6	14	5	5	6	4	4	7	5
mmu-mir-187 MI0000229	5	4	4	3	9	0	2	0	2	3	8	2	3	9	4
mmu-mir-344-1 MI0000630	0	0	0	0	2	0	0	0	0	0	2	3	1	0	0
mmu-mir-7657 MI0024997	0	0	0	0	0	0	0	0	0	0	0	0	0	1	0
mmu-mir-7238 MI0023733	0	0	0	0	0	0	0	0	0	0	0	0	0	3	0
mmu-mir-3112 MI0014109	0	1	0	1	0	0	0	0	0	0	0	0	0	0	0
mmu-mir-320 MI0000704	505	383	302	256	231	514	650	506	488	548	656	429	487	512	590
mmu-mir-31 MI0000579	2	2	2	0	1	0	1	0	0	1	10	0	3	3	3
mmu-mir-26a-2 MI0000706	50345	49354	39573	38140	41546	12957	14686	35728	19526	17773	66540	37919	64989	56651	62487
mmu-mir-592 MI0004127	7	7	9	10	4	1	0	0	0	1	14	8	7	16	5
mmu-mir-466b-8 MI0014112	2	1	5	2	6	0	1	0	1	0	8	0	5	4	10
mmu-mir-142a MI0000167	142	223	160	176	257	3	18	43	26	11	434	72	227	203	1803
mmu-mir-8105 MI0026035	1	0	0	0	0	0	0	0	0	0	0	0	0	0	0
mmu-mir-188 MI0000230	7	11	5	5	12	3	0	3	0	0	14	12	16	9	14
mmu-mir-23a MI0000571	345	575	513	396	579	55	80	187	95	61	686	424	1056	676	756
mmu-mir-1247 MI0004120	1	3	2	1	0	0	1	0	1	0	1	4	2	2	2
mmu-mir-1198 MI0006306	94	77	47	36	67	190	211	137	178	133	114	105	88	88	98
mmu-mir-3154 MI0030343	0	0	0	0	0	1	0	0	0	1	1	0	0	0	0
mmu-mir-1195 MI0006303	1	3	0	3	5	3	0	4	2	0	1	0	1	2	1
mmu-mir-449a MI0001649	2	0	7	1	3	0	0	0	0	0	3	0	2	2	6
mmu-mir-668 MI0004134	75	69	67	49	45	31	30	104	45	55	97	84	109	62	90
mmu-mir-1958 MI0009955	1	0	0	0	0	0	0	0	0	0	0	0	1	0	0
mmu-mir-335 MI0000817	1289	1810	1501	1341	668	184	131	485	259	230	2210	990	1616	2395	1923
mmu-mir-325 MI0000597	1	1	1	0	0	1	0	1	0	0	3	0	1	3	2
mmu-mir-384 MI0001146	1	1	2	2	3	0	3	0	0	0	3	0	3	2	4
mmu-mir-7070 MI0022920	0	0	0	0	0	0	0	0	0	0	0	0	0	0	0
mmu-mir-1904 MI0008323	0	0	0	0	0	0	0	0	0	1	0	0	0	0	0
mmu-mir-7069 MI0022919	0	0	0	0	0	0	0	0	0	0	0	0	1	0	0
mmu-mir-92a-2 MI0000580	124	90	90	102	120	59	46	77	86	46	169	110	173	103	194
mmu-mir-6989 MI0022837	1	0	1	0	0	0	1	0	0	0	0	0	0	0	0
mmu-mir-7688 MI0025041	3	1	4	1	4	10	7	19	5	12	4	5	6	2	2
mmu-mir-450b MI0004705	66	107	107	100	46	24	33	59	21	25	204	69	141	185	145
mmu-mir-693 MI0004662	0	0	1	0	0	0	0	0	0	0	0	0	0	0	0
mmu-mir-744 MI0004124	1104	878	801	593	640	1360	1570	1613	1404	1731	1265	943	1080	1089	993
mmu-mir-350 MI0000640	21	22	19	20	38	6	1	2	1	2	31	20	24	29	37
mmu-mir-467g MI0006301	1	0	0	0	0	0	0	0	0	0	0	0	0	0	0
mmu-mir-12193 MI0040636	0	0	0	0	0	0	0	0	0	1	0	0	0	0	0
mmu-mir-363 MI0000765	3	6	1	5	7	0	0	3	2	0	4	3	2	3	21
mmu-mir-378c MI0021923	15563	16851	14138	9512	9791	2812	2203	7429	3946	3763	22286	11905	17084	15068	18104
mmu-mir-702 MI0004686	0	0	0	0	0	0	2	0	0	0	0	0	1	0	1
mmu-mir-3473e MI0022357	0	0	0	0	2	3	0	1	0	1	1	0	3	0	0
mmu-mir-6991 MI0022839	0	0	0	0	0	0	0	0	0	0	0	0	0	0	0
mmu-mir-1188 MI0006290	4	2	1	0	1	1	2	2	2	6	4	2	1	0	1
mmu-mir-208a MI0000555	0	0	1	0	1	0	0	0	0	1	0	0	1	1	0
mmu-mir-654 MI0005520	0	0	0	1	0	0	0	0	0	0	0	0	0	0	0
mmu-mir-1298 MI0004300	0	0	0	0	0	0	2	0	0	1	0	0	0	0	0
mmu-mir-146b MI0004665	1156	877	670	560	660	292	326	659	511	374	1462	848	1065	745	1618
mmu-mir-7225 MI0023720	46	25	10	57	43	216	114	100	134	154	11	34	20	18	2
mmu-mir-6911 MI0022758	3	1	1	1	2	1	1	0	0	3	2	0	0	2	0
mmu-mir-6964 MI0022811	1	0	0	1	0	1	0	0	1	0	1	0	1	0	0
mmu-mir-1946a MI0009936	0	0	0	1	0	0	0	1	0	2	0	0	0	0	0
mmu-mir-9768 MI0031120	0	0	0	0	0	0	0	0	0	0	0	0	0	0	1
mmu-mir-3618 MI0030345	0	0	0	0	0	0	2	1	0	0	0	0	0	2	0
mmu-mir-6963 MI0022810	0	0	0	0	0	0	2	0	0	0	0	0	0	0	0
mmu-mir-6941 MI0022788	0	0	0	0	0	0	0	0	0	0	0	0	1	0	0
mmu-mir-467h MI0006302	0	1	0	0	0	0	0	0	0	0	0	0	0	0	0
mmu-mir-511 MI0005554	15	14	11	11	8	2	2	15	2	6	29	7	23	16	23
mmu-mir-8117 MI0026049	0	0	0	0	0	0	0	0	0	0	0	0	0	0	0
mmu-mir-8104 MI0026034	0	0	0	0	0	0	0	0	0	0	0	0	0	0	0
mmu-mir-1906-1 MI0008321_>mmu-mir-1906-2 MI0015984	0	1	1	1	0	0	0	8	1	1	0	1	1	0	0
mmu-mir-181b-1 MI0000723	710	898	671	730	713	206	178	492	325	230	1376	646	1022	957	1203
mmu-mir-10a MI0000685	5795	4592	3491	3193	3802	2948	2148	4579	2720	2759	5409	5321	5301	4882	5204
mmu-mir-3572 MI0018037	0	0	0	0	0	1	0	2	3	0	1	3	0	1	0
mmu-mir-496a MI0004589	94	137	88	101	103	20	15	61	11	41	190	51	183	156	143
mmu-mir-16-2 MI0000566	459	1004	731	760	887	47	48	179	93	42	1364	372	1004	1140	1620
mmu-mir-1271 MI0039503	0	0	0	0	0	0	0	0	0	0	0	0	0	0	0
mmu-mir-1843b MI0016971	290	203	160	134	170	217	211	344	260	241	292	211	222	202	222
mmu-mir-200b MI0000243	7	7	1	11	5	1	1	8	3	2	7	1	6	2	23
mmu-mir-7033 MI0022882	0	0	0	0	0	0	0	0	1	0	0	0	0	0	0
mmu-mir-7071 MI0022921	1	0	0	0	0	0	0	0	0	0	0	0	0	0	0
mmu-mir-146a MI0000170	1778	1692	1320	1265	1098	413	395	813	475	393	2277	1419	1457	1556	2735
mmu-mir-10b MI0000221	10085	9035	6729	6520	7456	4381	3487	7626	5735	4650	10480	8905	11333	9424	13267
mmu-mir-7212 MI0023707	0	0	0	0	0	0	0	0	1	1	0	0	0	0	0
mmu-mir-5620 MI0019188	0	0	1	0	0	0	0	0	1	0	0	0	0	1	1
mmu-mir-7689 MI0025042	12	5	12	9	18	3	1	14	2	2	18	5	11	12	13
mmu-mir-678 MI0004635	0	0	1	0	0	0	0	0	0	0	0	0	0	0	0
mmu-mir-9-3 MI0000721	29	13	19	16	32	2	6	21	6	2	27	20	46	25	74
mmu-mir-135b MI0000646	5	6	5	3	2	1	2	1	0	1	5	3	1	13	11
mmu-mir-216b MI0004126	1	2	3	0	1	0	2	0	0	1	0	0	0	3	1
mmu-mir-467d MI0005513	2	5	8	3	3	2	3	0	0	1	8	5	5	7	16
mmu-mir-369 MI0003535	435	924	897	749	543	73	68	332	101	78	1477	465	1517	1498	1330
mmu-mir-6922 MI0022769	0	0	0	0	0	0	0	0	0	1	0	0	1	0	1
mmu-mir-7211 MI0023706	0	0	1	1	1	0	0	0	0	0	0	0	1	1	1
mmu-mir-3072 MI0014035	14	16	9	6	26	8	5	7	5	1	25	5	39	15	24
mmu-mir-696 MI0004677	5	7	1	67	24	5	14	10	12	10	5	3	4	8	3
mmu-mir-345 MI0000632	166	167	127	127	191	42	35	123	55	61	271	119	200	173	217
mmu-mir-7004 MI0022853	0	0	0	0	0	0	0	0	1	0	0	0	0	0	0
mmu-mir-5133 MI0018045	2	0	0	0	0	0	0	0	0	0	0	0	0	0	0
mmu-mir-106a MI0000406	2	6	5	7	9	1	1	1	1	2	8	0	9	2	16
mmu-mir-181a-1 MI0000697	3336	4804	3534	3659	4644	1111	1180	2502	1579	1302	5871	2448	5385	5123	6439
mmu-mir-698 MI0004682	0	1	0	0	0	0	0	0	0	0	0	0	0	0	0
mmu-mir-7668 MI0025008	0	0	0	0	0	0	2	0	0	0	0	0	0	0	0
mmu-mir-6973b MI0022851	0	0	0	0	0	0	0	0	1	0	0	0	0	0	0
mmu-mir-466m MI0014050	0	0	0	0	0	0	0	0	0	0	0	0	0	0	1
mmu-mir-16-1 MI0000565	508	1042	771	794	965	57	55	202	111	54	1456	390	1075	1188	1682
mmu-mir-1931 MI0009920	0	0	0	0	0	1	0	1	0	0	0	0	0	0	0
mmu-mir-34b MI0000404	8	16	6	7	9	2	2	5	1	1	13	6	10	6	8
mmu-mir-5128 MI0018040	2	1	0	0	3	1	4	1	0	0	1	1	0	0	0
mmu-mir-7673 MI0025013	0	0	0	0	0	1	0	0	0	0	0	0	0	2	1
mmu-let-7f-1 MI0000562	27925	22296	20485	20175	11775	18074	23285	27203	38377	22722	33850	25605	29612	22066	36076
mmu-mir-216a MI0000699	0	0	0	0	0	0	0	0	0	0	2	0	0	0	0
mmu-mir-26b MI0000575	4282	5833	4879	4815	4079	650	942	2116	1203	894	8004	3532	8945	7529	7770
mmu-mir-126b MI0025035	0	0	0	0	0	0	0	0	0	0	1	0	0	0	0
mmu-mir-6954 MI0022801	0	0	0	0	0	0	0	0	0	0	0	0	0	0	1
mmu-mir-1969 MI0009966	1	1	4	2	1	3	1	5	2	3	0	3	1	2	3
mmu-mir-466a MI0002401	1	1	3	1	5	0	1	0	1	0	6	0	4	1	8
mmu-mir-374b MI0004125	178	238	175	153	203	14	21	67	28	24	335	103	268	262	450
mmu-mir-494 MI0003532	899	1205	1128	856	625	106	75	564	148	211	1637	791	1513	1413	1327
mmu-mir-341 MI0000625	685	850	775	697	1075	69	58	438	249	248	1460	419	1206	883	993
mmu-mir-5135 MI0018047	0	0	0	0	0	0	1	0	0	0	0	0	0	0	0
mmu-mir-130b MI0000408	13	6	8	5	7	10	6	12	19	10	9	9	15	7	10
mmu-mir-151 MI0000173	1213	704	557	465	662	2065	1888	1429	1679	1440	1063	1041	765	807	787
mmu-mir-466j MI0006295	0	0	0	0	0	0	0	0	0	0	0	0	0	0	0
mmu-mir-6539 MI0022355	0	0	0	0	0	0	0	0	0	0	0	0	0	0	0
mmu-mir-450a-1 MI0001653	409	1256	1162	1057	1037	101	105	245	176	146	2051	344	1792	1486	1680
mmu-mir-219a-2 MI0000741	0	4	2	1	1	0	0	0	0	0	6	0	1	1	0
mmu-mir-6942 MI0022789	0	0	0	0	0	0	0	0	0	0	0	0	0	0	0
mmu-mir-8116 MI0026048	0	0	0	0	0	0	0	1	3	0	0	0	0	1	0
mmu-mir-103-1 MI0000587	1691	2113	1686	1335	1205	263	308	760	390	332	2686	1279	2637	1960	3348
mmu-mir-466o MI0014052	0	0	2	0	0	0	0	0	0	0	2	0	2	2	2
mmu-mir-653 MI0005557	215	182	207	120	108	28	17	71	38	32	270	131	233	264	321
mmu-mir-1a-1 MI0000139	2071243	1671828	1611051	1233341	461955	339194	294220	791190	568992	425163	2109486	1656505	2117605	1819181	1814138
mmu-mir-181b-2 MI0000823	727	958	740	790	778	197	178	503	327	226	1465	669	1096	1041	1278
mmu-mir-15a MI0000564	8	30	27	21	26	3	6	8	3	1	44	10	41	32	36
mmu-mir-466g MI0005510	0	3	0	1	1	0	1	0	1	0	0	0	0	1	2
mmu-mir-9-2 MI0000157	29	13	19	16	32	2	6	21	6	2	27	20	46	25	74
mmu-mir-129-1 MI0000222	10	6	3	6	9	23	12	23	20	12	15	11	15	5	7
mmu-mir-692-2 MI0004661_>mmu-mir-692-3 MI0023541	11	12	1	22	16	27	6	17	14	57	2	15	1	6	1
mmu-mir-381 MI0000798	2445	990	755	838	1418	790	641	3369	4135	1909	1973	1726	1692	1349	1502
mmu-mir-1933 MI0009922	1	0	3	1	7	1	6	5	1	3	11	1	2	1	0
mmu-mir-6944 MI0022791	6	6	7	4	10	7	9	7	13	17	5	4	3	4	8
mmu-mir-7024 MI0022873	0	1	0	0	0	0	0	0	0	0	1	0	0	0	0
mmu-mir-467b MI0004671	34	17	12	11	31	2	1	17	7	3	41	18	22	30	74
mmu-mir-3094 MI0014087	0	0	0	1	0	0	0	0	0	1	0	0	1	0	1
mmu-mir-30a MI0000144	18580	20643	17171	13981	14801	3309	2781	8817	5021	4448	28934	16578	22393	21091	23806
mmu-mir-466q MI0018032	0	1	0	0	0	0	0	0	0	0	0	0	0	0	1
mmu-mir-196a-2 MI0000553	833	1052	802	662	675	257	458	646	605	320	1513	824	1196	1011	1812
mmu-mir-7061 MI0022910	0	0	1	0	1	0	0	0	0	0	0	0	1	2	0
mmu-mir-1903 MI0008317	0	0	0	0	2	1	0	4	1	1	2	0	0	0	1
mmu-mir-410 MI0001161	110	179	145	149	144	38	16	71	46	23	312	72	240	211	195
mmu-mir-6990 MI0022838	1	2	0	0	0	0	0	0	0	0	1	0	1	0	0
mmu-mir-8107 MI0026038	0	0	0	0	0	0	0	0	0	0	0	0	0	0	0
mmu-mir-7049 MI0022898	0	0	0	0	0	0	0	0	0	0	0	0	0	0	0
mmu-mir-12195 MI0040639	0	0	0	0	0	0	0	0	0	0	0	0	0	0	0
mmu-mir-296 MI0000394	23	31	15	22	25	9	15	25	24	16	44	20	41	36	48
mmu-mir-7658 MI0024998	0	0	0	1	0	0	0	0	0	0	0	0	0	0	0
mmu-mir-466f-3 MI0005509	0	0	0	1	0	2	0	0	0	1	0	1	1	0	0
mmu-mir-7664 MI0025004	0	0	0	0	0	0	0	0	0	3	0	0	0	0	0
mmu-mir-196b MI0001151	495	741	486	532	616	129	189	314	293	160	1105	394	963	834	1206
mmu-mir-7031 MI0022880	0	0	0	0	0	1	0	0	0	0	0	0	0	0	0
mmu-mir-8097 MI0026025	0	0	0	1	0	0	1	1	0	0	0	1	0	0	0
mmu-mir-27a MI0000578	2784	4993	3689	3530	5082	751	647	2066	1394	1216	7818	2515	5451	5488	5424
mmu-mir-6540 MI0022356	7	2	1	0	0	4	0	7	3	3	5	1	1	3	1
mmu-mir-19b-1 MI0000718	56	159	179	139	52	1	0	9	5	6	227	54	126	222	268
mmu-mir-466c-1 MI0005505	4	2	6	3	9	0	4	0	1	0	11	0	6	3	17
mmu-mir-6988 MI0022836	1	2	0	1	0	2	1	1	2	3	1	0	0	0	1
mmu-mir-376a MI0000793	64	262	183	195	270	10	12	60	15	17	461	56	299	309	303
mmu-mir-7022 MI0022871	0	0	0	0	0	1	0	0	0	0	0	0	0	0	0
mmu-mir-7231 MI0023726	0	0	0	0	0	0	0	0	1	0	0	0	0	0	0
mmu-mir-873a MI0005550	1	0	0	0	0	0	0	0	0	0	0	0	1	0	0
mmu-mir-9718 MI0030982	0	0	0	0	0	0	0	0	0	0	0	0	0	0	0
mmu-mir-6958 MI0022805	1	2	0	1	1	5	5	4	2	2	2	0	3	0	2
mmu-mir-431 MI0001524	63	68	49	47	60	37	36	58	27	57	81	39	82	71	73
mmu-mir-7029 MI0022878	0	0	0	0	1	0	0	0	0	0	0	0	0	0	0
mmu-mir-674 MI0004611	52	54	39	27	29	42	33	37	38	47	75	44	50	41	59
mmu-mir-714 MI0004699	10	10	11	96	29	14	84	30	36	9	19	11	12	6	0
mmu-mir-7059 MI0022908	0	0	0	0	0	0	2	0	0	0	0	0	0	1	1
mmu-mir-3083b MI0040630	0	0	0	0	0	0	0	0	0	0	0	0	0	1	0
mmu-mir-487b MI0003534	159	365	257	235	258	32	46	103	58	56	433	162	403	371	440
mmu-mir-3065 MI0014027	0	0	0	0	0	0	0	0	0	0	0	1	0	0	5
mmu-mir-206 MI0000249	42813	33142	23004	19533	29303	53959	72144	56453	82486	67413	45185	40184	32986	31101	56979
mmu-mir-1938 MI0009927	1	1	0	2	2	0	2	1	7	2	0	4	2	1	0
mmu-mir-8114 MI0026046	29	30	10	14	30	52	43	21	50	164	18	21	11	15	18
mmu-mir-467a-3 MI0014056_>mmu-mir-467a-6 MI0014065_>mmu-mir-467a-10 MI0014076	34	19	17	13	32	4	3	17	7	4	44	18	24	33	82
mmu-mir-466e MI0005506	2	1	5	2	6	0	1	0	1	0	8	0	5	4	10
mmu-mir-193a MI0000235	23	23	27	25	12	14	19	14	13	15	39	31	20	37	39
mmu-mir-5099 MI0018007	45	13	17	16	21	68	75	67	100	67	56	28	28	24	26
mmu-mir-669f MI0006287	0	0	1	0	2	0	0	1	0	0	2	1	1	0	5
mmu-mir-133b MI0000821	5121	8447	7943	9201	13283	277	330	1638	372	430	11113	3299	13306	12553	9229
mmu-mir-344d-3 MI0004227	0	0	0	0	0	0	1	2	0	0	0	0	0	0	0
mmu-mir-485 MI0003492	417	362	252	219	313	558	665	644	561	720	508	357	408	479	322
mmu-mir-361 MI0000761	275	315	301	192	295	114	111	217	129	104	459	253	419	447	419
mmu-mir-3099 MI0004485	11	6	4	4	6	4	8	2	12	7	5	5	4	6	13
mmu-mir-466f-4 MI0006291	0	0	0	0	0	0	0	0	0	0	0	0	0	0	0
mmu-mir-5131 MI0018043	0	0	0	0	0	0	1	0	0	0	0	0	0	0	0
mmu-mir-338 MI0000619	88	84	74	74	128	29	86	90	77	72	164	78	214	128	344
mmu-mir-6951 MI0022798	0	0	0	0	0	0	0	0	0	0	0	0	1	0	1
mmu-mir-9-1 MI0000720	29	13	19	16	32	2	6	21	6	2	27	20	46	25	74
mmu-mir-7091 MI0022941	6	1	1	2	1	0	5	5	5	9	4	3	1	1	4
mmu-mir-1194 MI0006299	4	1	1	5	10	12	8	7	7	4	4	0	2	1	5
mmu-mir-8111 MI0026043	2	2	1	12	11	8	4	4	8	4	1	4	0	3	3
mmu-mir-208b MI0005552	6	15	3	10	13	0	1	2	2	0	24	3	11	21	16
mmu-mir-5098 MI0018006	8	7	7	34	22	12	15	20	14	15	5	12	2	4	4
mmu-mir-7236 MI0023731	0	0	0	0	0	0	1	1	0	0	0	1	0	0	1
mmu-mir-760 MI0004605	1	1	0	0	0	6	2	3	6	2	0	0	0	1	0
mmu-mir-497b MI0026030	0	0	0	0	1	0	0	0	0	0	0	1	1	0	0
mmu-mir-6986 MI0022834	0	0	0	0	0	0	0	0	0	1	0	0	0	0	0
mmu-mir-29a MI0000576	368	973	802	780	989	61	77	299	130	106	1557	408	1251	1409	1549
mmu-mir-378a MI0000795	140770	109154	88489	64624	77619	38697	30585	82776	46168	47236	146638	97633	108587	102887	127628
mmu-mir-199a-2 MI0000713	4396	7605	6182	6507	9054	432	489	2354	950	592	14572	3275	12312	9585	13093
mmu-mir-1964 MI0009961	35	11	19	6	9	58	35	41	42	44	29	17	11	23	11
mmu-mir-434 MI0001526	39241	30704	25055	18348	28879	25758	22171	55496	35242	38774	48336	36342	36079	33357	33893
mmu-mir-503 MI0003538	184	305	252	222	240	92	122	172	105	102	410	139	346	355	395
mmu-mir-1936 MI0009925	1	0	0	0	0	0	0	0	0	4	1	0	0	0	0
mmu-mir-33 MI0000707	0	1	3	2	0	0	0	0	0	1	4	2	6	0	4
mmu-mir-8112 MI0026044	1	0	0	0	0	1	2	2	3	2	0	2	1	2	1
mmu-mir-7090 MI0022940	0	0	0	0	0	0	0	0	0	0	1	0	1	0	0
mmu-mir-1962 MI0009959	0	0	0	0	0	0	0	0	0	0	1	0	0	0	0
mmu-mir-6985 MI0022833	0	0	0	0	0	0	0	0	0	0	0	0	0	0	0
mmu-mir-484 MI0003491	202	271	292	198	196	58	33	150	57	86	351	137	334	404	297
mmu-mir-19a MI0000688	9	69	51	46	22	1	0	8	2	1	78	10	26	54	41
mmu-mir-708 MI0004692	161	159	146	112	154	92	70	141	130	108	279	105	199	226	369
mmu-mir-28a MI0000690	192	247	213	169	269	113	101	217	154	130	354	176	283	331	370
mmu-mir-3970 MI0016980	8	3	5	5	8	2	0	9	8	6	11	4	12	4	3
mmu-mir-3069 MI0014031	0	0	1	4	1	0	0	1	2	0	0	0	0	0	1
mmu-mir-3097 MI0014090	0	0	0	0	1	0	0	0	0	0	0	2	1	0	0
mmu-mir-126a MI0000153	75409	98612	70960	67200	86463	23055	20565	54317	26696	25184	114183	56766	87538	83269	85110
mmu-mir-1892 MI0008320	0	0	1	0	0	0	1	0	1	0	0	0	0	0	0
mmu-mir-504 MI0005515	62	46	26	27	23	65	30	66	57	87	54	48	47	42	23
mmu-mir-1893 MI0008327	5	0	0	0	0	0	0	0	0	1	0	2	1	0	0
mmu-mir-669b MI0004666	2	1	1	2	3	0	0	0	0	1	3	0	0	0	3
mmu-mir-18b MI0005483	0	0	0	0	2	0	0	0	0	0	0	1	1	0	3
mmu-mir-5104b MI0040615	0	0	0	0	1	0	1	1	0	0	0	0	1	0	5
mmu-mir-201 MI0000244	0	0	1	0	0	0	0	0	0	0	0	0	0	0	0
mmu-mir-1193 MI0006298	80	217	160	156	152	40	24	108	31	36	331	106	298	289	261
mmu-mir-1934 MI0009923	10	9	7	18	32	10	6	5	14	5	11	7	13	7	12
mmu-mir-411 MI0001163	7701	12781	9159	7933	10705	2338	2133	10607	4882	4273	19939	8180	15094	14688	16364
mmu-mir-1966 MI0009963	0	0	0	0	0	2	0	1	1	0	0	0	1	0	1
mmu-mir-7235 MI0023730	0	0	1	0	0	0	0	0	0	0	0	0	0	0	0
mmu-mir-483 MI0003484	247	157	119	97	146	229	255	241	190	301	195	150	169	198	195
mmu-mir-6948 MI0022795	0	2	0	0	0	0	1	1	0	0	2	0	0	1	0
mmu-mir-12206 MI0040654	0	0	0	0	1	0	0	0	0	0	0	0	0	0	0
mmu-mir-6945 MI0022792	0	0	0	2	1	6	5	3	2	5	2	0	5	6	0
mmu-mir-7027 MI0022876	0	0	1	0	0	0	0	0	0	0	0	0	0	0	0
mmu-mir-669a-3 MI0004668	6	2	1	8	4	2	3	4	2	1	7	5	5	4	17
mmu-mir-712 MI0004696	4	1	1	27	4	0	2	3	0	1	1	1	3	2	0
mmu-mir-1963 MI0009960	4	1	4	0	0	1	0	2	2	0	4	5	3	3	5
mmu-mir-297b MI0004674	1	0	1	0	2	0	0	0	0	0	0	1	3	0	3
mmu-mir-433 MI0001525	175	174	153	122	112	276	244	458	309	384	275	215	181	231	184
mmu-mir-196a-1 MI0000552	761	920	735	603	590	232	427	576	574	303	1353	747	1098	890	1595
mmu-mir-154 MI0000176	46	53	51	47	96	4	6	14	8	7	85	29	77	96	60
mmu-mir-204 MI0000247	158	184	172	130	133	100	162	190	134	155	214	117	211	237	264
mmu-mir-717 MI0004704	0	0	0	0	0	0	0	0	0	0	0	0	0	0	0
mmu-mir-190a MI0000232	18	29	21	32	15	0	0	5	2	2	51	9	27	52	43
mmu-mir-128-1 MI0000155	266	193	195	185	141	460	475	594	448	403	314	262	215	226	179
mmu-mir-669a-2 MI0004667	9	3	3	10	7	2	4	4	2	1	12	8	6	7	26
mmu-let-7a-2 MI0000557	7782	8362	7947	7673	6079	5745	7759	8697	11560	7817	12381	7659	10926	9170	13436
mmu-mir-93 MI0000581	286	501	352	327	429	16	33	111	35	29	632	139	538	525	682
mmu-mir-203 MI0000246	68	108	85	48	69	11	25	88	31	14	150	94	103	73	269
mmu-mir-21a MI0000569	8593	10420	8528	7962	8727	1666	1084	4740	3036	2506	17304	7281	13790	11973	14131
mmu-mir-29c MI0000577	38	49	35	35	47	11	8	25	6	6	53	24	58	66	48
mmu-mir-486b MI0014103	15554	12241	9980	7582	11978	9700	10602	12459	10505	11681	19858	15057	14308	12489	15271
mmu-mir-7670 MI0025010	1	0	0	0	2	0	0	0	0	2	0	0	0	0	0
mmu-mir-3968 MI0016977	0	0	1	0	2	3	0	0	1	0	0	0	0	2	1
mmu-mir-7063 MI0022912	0	0	1	0	0	2	0	0	0	0	1	0	1	0	0
mmu-mir-665 MI0004171	137	264	237	127	192	25	16	84	31	43	357	61	345	342	322
mmu-mir-6955 MI0022802	0	0	0	0	3	0	0	0	1	0	0	0	0	0	0
mmu-mir-669h MI0006289	0	0	0	0	1	0	2	0	1	0	0	0	0	1	0
mmu-mir-7025 MI0022874	0	0	0	0	0	0	0	0	0	0	0	0	0	0	0
mmu-mir-25 MI0000689	1152	1165	855	715	982	431	500	878	533	505	1439	860	1203	1191	1844
mmu-let-7a-1 MI0000556	8005	8687	8266	7972	6286	5781	7821	8839	11648	7906	12874	7825	11407	9683	13829
mmu-mir-7093 MI0022943	0	0	0	0	0	0	0	1	0	0	0	0	0	0	0
mmu-mir-493 MI0005514	2266	1819	1696	1410	1321	1728	1529	3255	3048	2758	3018	2258	2528	1968	2336
mmu-mir-194-1 MI0000236	8	24	22	28	16	0	0	3	4	2	33	14	28	39	26
mmu-mir-106b MI0000407	217	164	158	107	213	115	86	168	135	149	265	169	209	198	259
mmu-mir-30c-1 MI0000547	10539	16768	14625	11457	12247	1762	1283	7267	2737	2586	23703	9732	18326	22029	16860
mmu-mir-669d-2 MI0014051	1	2	2	2	2	0	0	1	0	0	1	0	1	4	1
mmu-mir-127 MI0000154	116265	72711	59929	43455	74092	110849	81951	147016	114414	132370	103530	86135	93528	79449	85775
mmu-mir-412 MI0001164	155	122	115	84	115	107	95	182	118	150	195	162	171	139	159
mmu-mir-466h MI0005511	0	1	0	0	0	0	1	0	0	0	0	0	0	0	2
mmu-mir-802 MI0004249	0	0	1	0	0	0	0	0	0	0	0	0	0	0	0
mmu-mir-7064 MI0022913	0	0	0	0	0	0	0	0	0	0	0	0	0	0	0
mmu-mir-6946 MI0022793	0	0	4	0	0	0	0	0	0	1	0	0	0	0	0
mmu-mir-7026 MI0022875	0	0	0	0	0	0	0	0	0	0	0	0	0	0	1
mmu-mir-669c MI0004673	8	1	4	5	16	5	4	3	3	2	8	1	8	7	20
mmu-mir-155 MI0000177	69	73	51	73	64	25	28	33	19	20	95	73	87	93	192
mmu-mir-15b MI0000140	23	65	36	48	60	4	3	6	3	4	63	22	62	59	125
mmu-mir-1843a MI0004155	345	202	187	155	209	126	121	329	198	183	287	236	249	210	253
mmu-mir-466f-1 MI0005507	1	0	0	1	1	1	0	0	0	0	1	0	0	1	0
mmu-mir-7092 MI0022942	1	2	0	1	0	0	0	0	0	0	2	0	2	2	0
mmu-mir-6984 MI0022832	0	0	0	0	0	0	0	0	0	0	0	0	0	0	0
mmu-mir-3068 MI0014030	67	84	68	85	116	17	6	46	25	30	135	48	101	111	117
mmu-mir-298 MI0000398	131	122	96	65	101	83	63	118	69	114	141	76	118	136	154
mmu-mir-467f MI0006293	0	0	0	0	0	0	0	0	0	0	0	0	0	0	0
mmu-mir-3098 MI0014091	2	5	0	4	0	0	0	3	2	1	1	0	1	1	1
mmu-mir-211 MI0000708	2	6	4	6	4	4	4	6	2	0	7	4	3	3	12
mmu-mir-709 MI0004693	0	0	0	0	0	1	1	0	0	0	0	0	0	0	0
mmu-mir-3969 MI0016978	0	0	0	1	0	0	0	0	0	0	0	0	1	0	0