	LN	LN	LN	LN	LN	NL	NL	NL	NL	NL	NN	NN	NN	NN	NN
mmu-miR-152-3p MIMAT0000162	2225	2685	2038	1796	1717	252	257	723	644	403	3689	1590	3460	2661	4250
mmu-miR-496a-5p MIMAT0017244	0	0	0	0	0	0	0	0	0	0	0	1	2	0	0
mmu-miR-542-3p MIMAT0003172	3	1	1	1	1	0	0	0	0	0	2	0	0	2	6
mmu-miR-6977-3p MIMAT0027857	0	0	0	0	0	1	0	0	0	0	0	0	0	0	0
mmu-miR-382-5p MIMAT0000747	206	237	208	134	152	117	209	277	204	176	280	184	295	238	271
mmu-miR-6959-5p MIMAT0027818	0	0	0	0	0	0	1	0	1	0	0	0	0	0	0
mmu-miR-6546-5p MIMAT0029792	0	0	0	0	1	0	0	0	0	0	0	0	0	0	0
mmu-miR-667-3p MIMAT0003734	8	11	4	7	9	10	22	34	26	21	15	5	14	21	10
mmu-miR-181c-5p MIMAT0000674	16	61	58	51	89	6	7	10	7	9	101	16	85	87	83
mmu-miR-195a-5p MIMAT0000225	93	197	127	143	170	21	17	51	21	25	262	94	182	208	220
mmu-miR-450a-5p MIMAT0001546	345	1109	1009	939	905	84	85	203	160	119	1803	283	1560	1305	1485
mmu-miR-129-2-3p MIMAT0000544	0	0	0	1	1	0	0	0	0	0	0	0	0	1	1
mmu-miR-1941-3p MIMAT0009406	0	0	0	0	0	0	0	0	0	0	0	0	0	0	1
mmu-miR-669d-5p MIMAT0005833	1	0	1	0	2	0	0	0	0	0	1	0	0	2	0
mmu-miR-7025-5p MIMAT0027954	0	0	0	0	0	0	0	0	0	0	0	0	0	0	0
mmu-miR-673-3p MIMAT0004824	329	210	183	114	165	462	410	515	403	573	308	310	223	238	235
mmu-miR-134-5p MIMAT0000146	20	13	20	12	22	11	14	23	8	20	27	15	18	18	28
mmu-miR-192-3p MIMAT0017012	0	0	1	0	0	0	0	0	0	0	0	0	1	0	0
mmu-miR-320-5p MIMAT0017057	0	0	0	0	0	0	0	0	0	0	0	0	1	1	0
mmu-miR-206-5p MIMAT0017004	0	0	0	1	1	0	0	0	0	0	0	0	2	0	0
mmu-miR-503-5p MIMAT0003188	10	56	56	50	46	0	4	1	1	0	106	4	59	91	101
mmu-miR-30a-5p MIMAT0000128	388	298	257	207	196	52	45	166	90	77	513	337	341	273	340
mmu-miR-484 MIMAT0003127	18	30	27	20	26	5	9	14	5	2	42	11	31	51	39
mmu-miR-6900-5p MIMAT0027700	0	0	1	0	0	0	0	0	0	0	0	0	0	0	0
mmu-miR-5130 MIMAT0020641	0	0	0	1	0	0	0	0	0	0	0	0	0	0	0
mmu-miR-3072-3p MIMAT0014853	10	11	5	4	22	4	5	7	3	1	22	5	35	12	22
mmu-miR-30c-1-3p MIMAT0004616	17	18	18	7	14	4	8	10	12	8	28	13	19	21	23
mmu-miR-147-5p MIMAT0017269	0	0	0	0	0	0	0	0	0	0	0	0	0	1	0
mmu-miR-196a-2-3p MIMAT0004618	0	1	0	0	0	0	0	0	0	0	0	0	0	0	0
mmu-miR-7219-3p MIMAT0028407	0	1	0	1	0	0	0	0	0	0	0	1	1	1	1
mmu-miR-455-3p MIMAT0003742	7	7	8	3	4	0	0	4	0	1	9	1	9	8	12
mmu-miR-1224-5p MIMAT0005460	0	0	0	0	0	0	1	0	0	0	0	0	0	1	0
mmu-miR-7669-3p MIMAT0029845	0	0	0	0	0	0	0	0	0	1	0	0	1	0	0
mmu-miR-3057-5p MIMAT0014822	5	1	2	2	1	2	3	7	1	4	3	3	1	9	3
mmu-miR-21a-5p MIMAT0000530	2769	4841	3930	3641	3881	257	217	1147	501	423	7471	1905	6418	5856	6908
mmu-miR-329-5p MIMAT0017032	62	62	48	32	47	6	6	50	30	15	103	40	93	66	63
mmu-miR-669f-5p MIMAT0017327	0	0	1	0	2	0	0	0	0	0	1	0	0	0	0
mmu-miR-140-3p MIMAT0000152	157	131	92	85	193	16	15	68	41	31	209	105	176	151	221
mmu-miR-3066-5p MIMAT0014838	0	0	0	0	0	0	0	1	1	0	0	0	0	0	1
mmu-miR-872-5p MIMAT0004934	111	157	110	162	142	14	20	67	44	12	255	86	184	194	263
mmu-miR-130a-5p MIMAT0016983	0	1	0	1	2	0	2	0	0	0	1	0	2	0	1
mmu-let-7f-1-3p MIMAT0004623	1	3	6	0	4	0	1	3	2	0	3	2	3	7	8
mmu-miR-196b-5p MIMAT0001081	304	480	308	310	391	81	119	197	218	97	737	229	589	530	764
mmu-miR-6980-3p MIMAT0027863	0	0	0	0	0	0	0	1	0	0	0	0	0	0	0
mmu-miR-341-5p MIMAT0017037	0	0	1	0	0	0	3	0	0	0	3	2	1	1	2
mmu-miR-505-3p MIMAT0003513	0	0	0	0	0	0	0	0	0	0	1	0	0	0	0
mmu-miR-1981-5p MIMAT0009458	30	23	9	12	21	129	166	76	133	80	31	41	20	18	22
mmu-miR-7010-5p MIMAT0027924	0	1	0	0	1	1	0	0	0	1	1	1	0	1	0
mmu-miR-3087-3p MIMAT0014896	0	0	0	0	0	0	0	0	0	0	1	0	0	0	0
mmu-miR-3102-3p MIMAT0014936	4	5	2	4	7	0	6	3	4	3	10	0	5	3	6
mmu-miR-142a-5p MIMAT0000154	3	13	13	11	27	0	0	0	0	0	34	1	16	10	99
mmu-miR-539-5p MIMAT0003169	43	51	38	30	78	18	30	51	26	25	55	49	75	56	88
mmu-miR-10b-5p MIMAT0000208	7169	7012	5262	4998	5630	2910	2334	5454	3874	3391	8175	6344	8838	7482	10517
mmu-miR-467a-5p MIMAT0003409	24	14	8	9	27	2	1	14	6	2	30	14	15	19	61
mmu-miR-149-5p MIMAT0000159	259	244	205	153	249	137	156	196	145	135	367	195	247	394	227
mmu-miR-652-3p MIMAT0003711	42	48	24	26	56	12	11	21	17	10	56	40	47	42	74
mmu-miR-129-5p MIMAT0000209	7	4	1	3	5	21	5	19	17	6	10	5	11	3	6
mmu-miR-6968-3p MIMAT0027839	0	0	2	0	0	0	0	0	0	0	0	0	0	0	0
mmu-miR-103-3p MIMAT0000546	1394	1720	1374	1081	957	225	252	634	320	272	2201	1064	2202	1613	2748
mmu-miR-145a-3p MIMAT0004534	284	266	269	247	235	79	72	166	81	58	374	255	468	491	405
mmu-miR-140-5p MIMAT0000151	7	13	6	6	12	1	0	2	1	2	15	5	22	20	20
mmu-miR-3072-5p MIMAT0014852	0	0	0	0	0	1	0	0	0	0	1	0	0	0	0
mmu-miR-17-5p MIMAT0000649	144	399	320	221	281	20	5	53	17	19	538	115	397	447	571
mmu-miR-190b-3p MIMAT0017267	0	0	0	0	0	0	0	0	0	0	1	0	0	0	0
mmu-miR-24-2-5p MIMAT0005440	275	540	423	420	704	70	45	207	136	115	898	268	580	576	635
mmu-miR-134-3p MIMAT0016985	1	1	0	0	1	0	2	6	0	0	1	2	1	6	2
mmu-miR-99b-5p MIMAT0000132	335	291	265	189	303	138	143	270	218	163	475	252	426	364	432
mmu-miR-3102-3p.2-3p MIMAT0014935	1	0	0	0	1	0	2	0	0	0	0	0	0	0	1
mmu-miR-342-5p MIMAT0004653	3	3	1	0	2	2	8	4	3	0	1	3	2	3	7
mmu-miR-128-2-5p MIMAT0017069	2	2	1	0	0	1	4	2	2	1	0	0	1	1	2
mmu-miR-7059-5p MIMAT0028022	0	0	0	0	0	0	2	0	0	0	0	0	0	1	1
mmu-miR-185-3p MIMAT0016996	7	8	4	4	10	4	2	4	7	4	3	9	6	1	3
mmu-miR-3078-5p MIMAT0014864	0	0	0	0	2	0	0	0	0	0	0	0	0	0	0
mmu-miR-3084-3p MIMAT0014877	0	0	0	1	0	0	0	2	0	0	0	0	0	0	0
mmu-miR-340-3p MIMAT0000586	44	80	51	42	60	22	22	66	51	56	80	46	59	60	107
mmu-miR-3081-3p MIMAT0014871	12	4	4	4	4	5	2	6	11	8	10	7	9	4	4
mmu-miR-99b-3p MIMAT0004525	36	35	22	28	35	32	12	41	29	25	44	44	50	40	47
mmu-miR-770-3p MIMAT0003891	18	4	9	2	5	82	67	56	88	89	13	15	8	10	12
mmu-miR-9768-5p MIMAT0036459	0	0	0	0	0	0	0	0	0	0	0	0	0	0	1
mmu-miR-330-5p MIMAT0004642	0	0	0	1	1	0	1	1	0	0	0	0	0	0	0
mmu-miR-346-5p MIMAT0000597	0	0	0	0	0	1	0	0	1	0	0	0	0	0	1
mmu-miR-32-5p MIMAT0000654	21	58	36	51	31	0	0	7	9	2	91	13	57	35	77
mmu-miR-152-5p MIMAT0016991	60	31	23	31	45	3	5	31	9	10	63	34	47	30	62
mmu-miR-145a-5p MIMAT0000157	1991	1595	1018	1013	2622	129	127	438	104	166	2114	982	2649	2348	2310
mmu-miR-190a-3p MIMAT0016998	0	0	0	2	2	0	0	0	0	0	1	0	0	0	1
mmu-miR-320-3p MIMAT0000666	242	213	152	124	115	248	312	257	212	249	320	197	224	270	300
mmu-miR-149-3p MIMAT0016990	1	0	0	0	0	0	0	0	0	4	0	0	0	0	0
mmu-miR-155-3p MIMAT0016993	0	0	0	1	0	0	0	0	0	0	1	0	1	0	3
mmu-miR-6962-3p MIMAT0027825	0	0	0	0	0	0	0	0	0	0	0	0	0	1	0
mmu-miR-7074-3p MIMAT0028055	0	0	0	0	0	0	0	0	0	0	0	0	0	0	0
mmu-miR-155-5p MIMAT0000165	31	34	18	31	23	8	16	20	9	12	43	28	40	33	103
mmu-miR-505-5p MIMAT0017259	0	0	0	0	0	2	1	0	1	0	0	0	1	0	2
mmu-miR-7043-5p MIMAT0027990	0	0	0	0	0	0	0	0	0	0	1	0	0	0	0
mmu-miR-3057-3p MIMAT0014823	0	0	0	0	0	0	0	1	0	0	1	1	0	0	1
mmu-miR-673-5p MIMAT0003739	44	46	42	23	18	115	172	171	183	212	96	38	58	52	62
mmu-miR-3474 MIMAT0015646	0	0	1	0	1	2	0	1	1	1	1	1	0	0	0
mmu-miR-378a-5p MIMAT0000742	593	865	722	670	947	115	79	333	87	93	1328	456	1126	1422	1072
mmu-miR-27b-3p MIMAT0000126	10629	10226	7475	6585	9249	938	1397	4295	1882	1677	13983	8434	14883	10530	16098
mmu-miR-188-3p MIMAT0004541	0	0	0	1	1	0	0	1	0	0	0	0	3	0	0
mmu-miR-701-5p MIMAT0003491	0	3	2	4	4	0	0	0	0	0	3	3	4	8	3
mmu-miR-101b-5p MIMAT0017046	0	0	0	0	0	0	0	0	1	0	0	0	0	0	0
mmu-miR-7219-5p MIMAT0028406	0	0	0	0	0	0	0	0	1	0	0	0	0	0	0
mmu-miR-361-5p MIMAT0000704	56	119	118	58	91	14	15	41	19	11	177	56	168	209	163
mmu-miR-496a-3p MIMAT0003738	16	29	11	16	17	0	1	3	1	3	36	3	28	27	31
mmu-miR-483-3p MIMAT0003120	1	0	0	1	0	4	0	2	0	1	0	0	0	0	0
mmu-miR-872-3p MIMAT0004935	14	13	19	20	23	2	1	2	1	2	27	6	28	23	30
mmu-miR-203b-3p MIMAT0049832	0	1	0	1	0	0	2	1	1	0	5	2	2	1	12
mmu-miR-7040-5p MIMAT0027984	0	0	0	0	0	0	0	0	0	0	0	1	0	0	0
mmu-miR-23b-3p MIMAT0000125	9	5	7	7	8	0	2	3	0	1	19	10	10	8	8
mmu-miR-331-3p MIMAT0000571	0	0	1	0	1	0	0	0	0	0	0	0	3	0	1
mmu-miR-193b-5p MIMAT0017271	3	1	1	1	1	4	6	8	0	3	4	3	2	3	4
mmu-miR-3109-5p MIMAT0014949	0	0	0	0	3	0	0	0	0	0	0	0	0	0	0
mmu-miR-30d-3p MIMAT0017011	7	12	7	11	23	1	0	8	2	2	15	9	22	23	9
mmu-miR-542-5p MIMAT0003171	1	4	6	1	9	1	4	4	2	1	11	3	7	9	12
mmu-miR-409-3p MIMAT0001090	96	65	67	54	48	78	91	113	105	134	111	96	65	92	87
mmu-miR-337-3p MIMAT0000578	12	7	7	8	34	0	0	2	1	3	15	9	24	18	15
mmu-miR-3060-3p MIMAT0014827	0	0	0	0	0	0	0	0	0	0	0	0	1	0	0
mmu-miR-133b-5p MIMAT0017083	0	2	0	0	3	0	0	0	0	0	1	1	0	0	0
mmu-miR-93-3p MIMAT0004636	1	2	2	2	6	0	1	3	1	0	3	1	6	4	8
mmu-miR-412-3p MIMAT0001094	0	1	0	0	0	0	0	0	0	0	0	0	0	1	0
mmu-miR-6516-5p MIMAT0027343	0	1	0	0	0	0	0	0	1	0	1	1	2	0	0
mmu-miR-7013-3p MIMAT0027931	0	0	0	0	0	0	0	0	0	1	0	0	0	1	0
mmu-miR-676-3p MIMAT0003782	93	89	90	56	89	59	80	117	117	72	118	78	142	93	152
mmu-miR-7007-5p MIMAT0027918	0	0	0	0	2	0	0	0	0	0	0	0	0	0	0
mmu-miR-3535 MIMAT0031410	80	50	43	15	35	27	25	48	85	86	53	43	26	20	69
mmu-miR-363-3p MIMAT0000708	1	2	0	5	3	0	0	1	1	0	1	2	0	2	4
mmu-miR-489-3p MIMAT0003112	1	5	4	1	1	0	0	1	1	0	8	1	3	1	6
mmu-miR-301a-5p MIMAT0017008	8	11	9	11	4	2	2	5	2	3	17	5	11	12	24
mmu-miR-325-5p MIMAT0000558	1	1	0	0	0	0	0	1	0	0	3	0	0	2	2
mmu-miR-369-5p MIMAT0003185	72	176	142	100	119	40	40	137	50	36	270	70	169	162	204
mmu-miR-499-5p MIMAT0003482	134	312	259	258	175	23	46	90	108	73	524	114	363	445	338
mmu-miR-411-5p MIMAT0004747	4985	8806	6143	5351	7475	1618	1378	7243	3449	3027	13695	5297	9943	9873	11162
mmu-miR-425-3p MIMAT0001342	0	0	0	0	0	0	0	0	0	0	1	0	0	0	1
mmu-miR-1947-5p MIMAT0009413	1	2	0	0	1	3	3	2	0	1	0	3	1	0	3
mmu-miR-5121 MIMAT0020629	0	0	1	5	8	0	0	0	0	0	0	0	0	3	1
mmu-miR-1197-3p MIMAT0005858	2	14	16	19	17	0	2	2	0	1	26	5	21	36	23
mmu-miR-17-3p MIMAT0000650	5	19	4	7	14	0	3	2	1	1	16	1	13	16	27
mmu-miR-7225-3p MIMAT0028419	0	0	0	0	0	0	0	0	0	1	0	0	0	0	0
mmu-miR-27a-3p MIMAT0000537	1313	2937	2167	1954	2993	293	269	899	573	506	4664	1198	3040	3262	3182
mmu-miR-322-5p MIMAT0000548	1	3	2	0	1	0	0	0	0	0	2	0	1	0	1
mmu-miR-7012-3p MIMAT0027929	0	0	0	0	1	0	0	0	0	0	0	0	0	0	0
mmu-miR-328-3p MIMAT0000565	41	69	53	29	38	33	21	65	45	31	93	53	72	72	52
mmu-miR-1941-5p MIMAT0009405	0	0	0	0	0	0	0	0	0	0	1	0	0	0	0
mmu-miR-6540-5p MIMAT0025585	4	0	0	0	0	0	0	1	1	1	3	0	0	0	1
mmu-miR-216b-5p MIMAT0003729	0	1	2	0	1	0	0	0	0	1	0	0	0	3	1
mmu-miR-7a-1-3p MIMAT0004670	4	13	8	11	6	1	1	2	0	0	15	3	12	11	9
mmu-miR-139-3p MIMAT0004662	2	3	3	5	5	9	9	7	6	9	7	1	6	10	6
mmu-miR-200a-3p MIMAT0000519	3	0	4	2	4	0	0	1	2	0	2	0	0	0	13
mmu-miR-23a-5p MIMAT0017019	0	0	5	1	0	0	0	1	3	0	0	0	2	2	0
mmu-miR-369-3p MIMAT0003186	266	563	593	477	308	17	12	136	34	26	953	279	1056	1055	928
mmu-miR-98-3p MIMAT0017023	0	0	2	0	3	0	0	0	1	0	4	0	1	1	0
mmu-miR-3069-3p MIMAT0014845	0	0	0	1	0	0	0	0	0	0	0	0	0	0	0
mmu-miR-487b-5p MIMAT0017216	0	0	0	0	0	0	0	0	0	0	0	1	0	0	1
mmu-miR-323-5p MIMAT0004638	0	0	0	0	0	0	0	0	0	4	0	0	0	0	0
mmu-miR-370-5p MIMAT0017174	0	0	0	0	0	0	0	0	0	0	0	0	0	0	0
mmu-miR-1927 MIMAT0009390	0	0	0	0	0	0	0	0	0	0	0	0	1	0	0
mmu-miR-1188-5p MIMAT0005843	1	0	0	0	0	1	1	1	1	0	1	0	0	0	0
mmu-miR-712-5p MIMAT0003502	0	0	0	2	0	0	1	0	0	0	0	0	0	2	0
mmu-miR-322-3p MIMAT0000549	732	935	698	400	420	274	260	571	255	429	1009	600	880	783	897
mmu-miR-27b-5p MIMAT0004522	11	9	11	11	7	6	13	20	11	12	19	23	14	12	17
mmu-miR-125a-3p MIMAT0004528	0	0	0	0	0	0	0	1	0	0	0	0	0	0	0
mmu-miR-30e-3p MIMAT0000249	415	445	310	256	254	188	140	277	229	179	582	425	468	479	417
mmu-miR-26b-5p MIMAT0000534	864	1204	924	923	702	167	257	475	350	261	1746	749	1806	1430	1686
mmu-miR-541-3p MIMAT0017209	8	18	20	12	14	0	1	6	6	2	33	12	29	21	27
mmu-miR-6539 MIMAT0025584	0	0	0	0	0	0	0	0	0	0	0	0	0	0	0
mmu-miR-499-3p MIMAT0017254	0	0	0	0	0	0	0	0	0	0	0	0	0	0	1
mmu-miR-296-3p MIMAT0004576	8	13	4	4	3	5	9	15	17	12	18	9	13	11	16
mmu-miR-32-3p MIMAT0017050	1	0	0	0	0	0	0	0	0	1	0	1	1	0	3
mmu-miR-6989-3p MIMAT0027881	1	0	1	0	0	0	1	0	0	0	0	0	0	0	0
mmu-miR-1955-3p MIMAT0017348	0	0	0	0	0	0	0	0	0	0	0	0	0	0	0
mmu-miR-7046-3p MIMAT0027997	0	0	0	0	0	0	0	0	0	0	0	0	0	0	0
mmu-miR-379-5p MIMAT0000743	11824	9123	7114	5165	6350	7111	5734	12503	12263	10221	14433	10016	10113	9485	12373
mmu-miR-15a-3p MIMAT0004624	0	0	0	0	0	0	0	0	0	0	1	0	0	0	0
mmu-miR-466c-5p MIMAT0004877	2	1	3	1	0	0	3	0	0	0	3	0	2	1	9
mmu-miR-125a-5p MIMAT0000135	1184	1670	1369	1140	1483	513	630	1025	587	837	2226	898	2050	2146	2157
mmu-miR-7043-3p MIMAT0027991	1	1	1	1	0	2	0	5	2	0	3	4	0	1	3
mmu-miR-3099-3p MIMAT0014816	8	3	2	1	3	3	2	2	4	5	2	5	1	4	6
mmu-miR-7237-3p MIMAT0028443	0	0	0	0	1	0	0	0	0	0	0	0	0	1	0
mmu-miR-30d-5p MIMAT0000515	485	304	206	209	205	208	161	399	253	290	406	423	291	272	314
mmu-miR-378b MIMAT0019348	18	19	13	10	2	1	3	11	1	3	33	11	16	18	6
mmu-miR-423-3p MIMAT0003454	454	412	372	240	305	282	290	429	288	346	589	381	509	415	478
mmu-miR-181b-2-3p MIMAT0017084	0	1	2	0	0	0	0	1	0	0	3	0	5	0	2
mmu-miR-744-5p MIMAT0004187	790	669	586	442	472	1042	1218	1172	1090	1334	918	665	767	852	762
mmu-miR-487b-3p MIMAT0003184	69	189	111	86	125	13	19	62	29	22	211	76	197	174	225
mmu-miR-7b-5p MIMAT0000678	1	0	1	0	1	0	0	0	0	1	0	0	2	1	0
mmu-miR-30e-5p MIMAT0000248	66	112	114	68	88	4	2	20	9	11	173	55	111	129	119
mmu-miR-1968-5p MIMAT0009441	2	2	0	0	2	1	1	2	1	0	4	5	0	5	2
mmu-miR-7037-5p MIMAT0027978	0	0	0	0	0	0	0	3	0	0	0	0	0	0	0
mmu-miR-16-1-3p MIMAT0004625	6	1	8	7	21	0	1	3	4	2	7	2	9	8	8
mmu-miR-6952-3p MIMAT0027805	0	0	0	0	0	2	0	0	0	0	0	0	0	0	1
mmu-miR-7231-5p MIMAT0028430	0	0	0	0	0	0	0	0	1	0	0	0	0	0	0
mmu-miR-148b-5p MIMAT0017036	13	22	14	13	23	0	0	6	5	2	27	2	19	13	28
mmu-miR-676-5p MIMAT0003781	71	67	45	30	51	46	21	116	53	51	95	45	67	79	77
mmu-miR-18a-3p MIMAT0004626	0	0	0	0	0	0	0	0	0	0	0	0	0	0	1
mmu-miR-6516-3p MIMAT0027344	0	0	0	0	2	0	0	0	0	0	1	0	0	0	0
mmu-miR-873a-3p MIMAT0017279	0	0	0	0	0	0	0	0	0	0	0	0	1	0	0
mmu-miR-7092-5p MIMAT0028090	0	2	0	0	0	0	0	0	0	0	0	0	0	0	0
mmu-miR-342-3p MIMAT0000590	0	0	0	0	0	0	0	0	0	0	0	1	0	0	0
mmu-miR-7027-3p MIMAT0027959	0	0	1	0	0	0	0	0	0	0	0	0	0	0	0
mmu-miR-669f-3p MIMAT0005839	0	0	0	0	0	0	0	0	0	0	1	0	1	0	4
mmu-miR-467b-5p MIMAT0005448	1	3	2	0	3	0	0	0	1	0	1	1	1	5	8
mmu-miR-543-5p MIMAT0017207	0	0	0	0	0	0	0	1	1	2	0	0	3	0	0
mmu-miR-7063-5p MIMAT0028030	0	0	0	0	0	2	0	0	0	0	1	0	1	0	0
mmu-miR-302b-3p MIMAT0003374	0	0	0	0	0	0	0	0	0	0	0	0	0	0	0
mmu-miR-183-5p MIMAT0000212	11	5	2	6	14	13	19	15	30	20	13	5	24	9	46
mmu-let-7j MIMAT0025123	0	0	0	1	0	0	0	1	2	4	1	5	1	0	3
mmu-miR-5709-3p MIMAT0027104	0	0	0	0	0	0	0	0	0	0	0	0	0	0	0
mmu-miR-29a-5p MIMAT0004631	1	0	0	0	0	0	0	0	0	0	3	0	0	0	0
mmu-miR-3103-3p MIMAT0014938	0	2	0	0	0	0	0	0	0	1	0	0	0	0	0
mmu-miR-19b-1-5p MIMAT0017065	0	0	0	1	1	0	0	0	0	0	0	0	1	1	0
mmu-miR-6964-3p MIMAT0027829	1	0	0	1	0	0	0	0	0	0	1	0	1	0	0
mmu-miR-99a-3p MIMAT0016981	0	0	0	1	3	0	0	0	0	0	2	0	1	0	0
mmu-miR-190b-5p MIMAT0004852	0	3	2	4	3	0	0	0	0	1	4	2	5	1	1
mmu-miR-144-5p MIMAT0016988	27	37	27	46	41	0	0	9	3	5	77	11	25	38	60
mmu-miR-7226-3p MIMAT0028421	0	0	0	0	0	0	0	0	0	0	0	1	0	0	0
mmu-miR-7036a-5p MIMAT0027976	0	0	0	0	0	0	0	0	1	0	0	0	0	0	0
mmu-miR-1932 MIMAT0009395	0	0	0	0	0	0	0	0	0	1	0	0	0	0	0
mmu-miR-193a-5p MIMAT0004544	20	21	17	19	9	11	16	12	12	11	33	29	15	30	34
mmu-miR-3068-3p MIMAT0014843	12	12	11	6	11	2	1	8	4	3	17	11	25	23	23
mmu-miR-8114 MIMAT0031420	0	0	0	2	0	0	0	0	0	0	0	1	0	0	1
mmu-miR-411-3p MIMAT0001093	149	241	186	73	166	62	94	246	178	150	394	122	362	387	428
mmu-miR-466a-3p MIMAT0002107_>mmu-miR-466e-3p MIMAT0004880	1	1	3	1	5	0	1	0	1	0	4	0	3	1	3
mmu-miR-3473d MIMAT0020632	0	0	0	0	0	0	0	0	0	0	2	0	1	0	0
mmu-miR-6996-3p MIMAT0027895	0	0	0	0	0	0	0	1	0	0	0	0	0	0	0
mmu-miR-450a-1-3p MIMAT0017182	6	6	10	5	2	0	1	3	0	3	16	1	11	8	15
mmu-miR-124-3p MIMAT0000134	0	0	1	0	0	0	0	0	0	0	0	0	0	1	1
mmu-miR-466g MIMAT0004883	0	0	0	0	0	0	0	0	0	0	0	0	0	0	0
mmu-miR-1191a MIMAT0005849	0	1	0	0	0	0	0	1	0	0	0	0	0	0	0
mmu-miR-3070-5p MIMAT0014846	0	0	0	0	0	0	0	0	1	0	0	0	0	0	0
mmu-miR-297a-5p MIMAT0000375	0	0	0	0	0	0	0	0	0	0	0	0	0	0	2
mmu-miR-3109-3p MIMAT0014950	1	0	0	2	0	0	0	0	0	0	0	0	1	0	0
mmu-miR-470-5p MIMAT0002111	0	0	0	0	0	0	0	0	1	0	0	0	0	1	0
mmu-miR-598-3p MIMAT0004942	1	0	0	0	0	0	0	0	0	0	0	0	0	0	0
mmu-miR-3059-5p MIMAT0014811	0	0	0	0	0	0	0	0	0	0	0	0	0	0	1
mmu-miR-433-3p MIMAT0001420	17	10	5	9	4	15	15	24	24	38	22	8	8	7	8
mmu-miR-5100 MIMAT0020607	0	0	0	0	0	0	0	0	0	0	0	0	0	0	0
mmu-miR-1298-5p MIMAT0014809	0	0	0	0	0	0	1	0	0	1	0	0	0	0	0
mmu-miR-7679-3p MIMAT0029873	0	0	0	0	0	0	1	0	0	0	0	0	0	0	0
mmu-miR-490-5p MIMAT0017261	0	0	0	1	0	0	0	0	0	0	0	0	0	1	0
mmu-miR-433-5p MIMAT0001419	0	0	0	0	0	1	0	0	0	0	0	0	0	1	0
mmu-miR-670-3p MIMAT0017242	0	0	0	0	0	0	0	0	0	0	1	0	0	0	1
mmu-miR-338-5p MIMAT0004647	57	39	42	36	62	20	68	50	57	53	90	51	125	61	208
mmu-miR-7235-3p MIMAT0028439	0	0	1	0	0	0	0	0	0	0	0	0	0	0	0
mmu-miR-1970c-3p MIMAT0049877	0	0	0	0	0	0	0	0	0	0	0	0	0	0	0
mmu-miR-194-2-3p MIMAT0017073	0	1	0	0	0	0	0	0	0	0	0	0	0	0	0
mmu-miR-532-3p MIMAT0004781	82	72	45	44	83	8	13	40	7	18	92	31	84	103	106
mmu-miR-375-3p MIMAT0000739	0	0	0	0	0	0	1	1	0	0	1	0	0	0	1
mmu-miR-7054-5p MIMAT0028012	0	1	0	0	0	0	0	0	0	0	0	0	0	1	0
mmu-miR-1191b-5p MIMAT0029866	5	2	4	5	2	1	2	3	1	0	9	4	1	3	4
mmu-miR-181a-5p MIMAT0000210	2801	3987	2823	2920	3715	964	1034	2136	1324	1158	4780	2061	4406	4075	5411
mmu-miR-7664-3p MIMAT0029835	0	0	0	0	0	0	0	0	0	3	0	0	0	0	0
mmu-miR-187-3p MIMAT0000216	2	2	2	2	7	0	0	0	1	0	3	2	1	6	3
mmu-miR-467c-5p MIMAT0004885	0	2	1	1	0	0	0	2	3	0	2	0	4	3	3
mmu-miR-7083-5p MIMAT0028072	0	0	0	0	0	0	0	0	0	0	0	1	0	0	0
mmu-miR-370-3p MIMAT0001095	178	74	66	73	62	141	155	184	222	252	182	186	111	107	117
mmu-miR-1953 MIMAT0009424	0	0	0	0	0	0	0	0	0	0	0	0	0	0	1
mmu-miR-1839-3p MIMAT0009457	6	12	4	5	5	0	0	5	1	4	20	6	10	6	9
mmu-miR-1839-5p MIMAT0009456	430	351	269	215	193	133	123	263	231	169	502	396	395	372	434
mmu-miR-214-5p MIMAT0004664	99	118	92	109	165	31	35	77	66	33	223	79	165	162	224
mmu-miR-18b-5p MIMAT0004858	0	0	0	0	1	0	0	0	0	0	0	0	0	0	1
mmu-miR-8111 MIMAT0031417	0	0	0	0	0	0	1	0	1	0	0	0	0	0	0
mmu-miR-28c MIMAT0019339	0	0	0	0	0	0	0	0	0	0	0	0	0	0	0
mmu-miR-7a-5p MIMAT0000677	123	51	45	41	43	14	23	43	22	35	97	81	83	62	149
mmu-miR-299a-5p MIMAT0000377	291	753	534	461	710	14	22	107	37	45	876	136	748	1047	711
mmu-miR-126a-5p MIMAT0000137	278	1316	1096	1010	1065	15	17	82	22	29	1787	161	1342	1735	1344
mmu-miR-5615-5p MIMAT0022355	0	0	0	0	1	0	0	0	0	0	0	0	0	0	0
mmu-miR-1960 MIMAT0009433	0	0	0	0	0	1	0	0	0	0	1	0	0	1	1
mmu-miR-383-5p MIMAT0000748	1	0	0	0	0	1	1	0	1	1	0	0	0	0	0
mmu-miR-101a-5p MIMAT0004526	0	0	0	0	1	0	0	0	0	0	1	0	0	0	1
mmu-miR-5114 MIMAT0020622	0	0	0	0	0	0	0	0	0	1	0	0	0	0	0
mmu-miR-345-3p MIMAT0004656	9	6	3	3	3	3	1	6	2	6	12	9	7	5	5
mmu-miR-7030-3p MIMAT0027965	0	1	0	1	0	0	0	0	0	0	0	0	0	0	0
mmu-miR-6948-5p MIMAT0027796	0	0	0	0	0	0	0	1	0	0	2	0	0	1	0
mmu-miR-20a-5p MIMAT0000529	263	783	627	439	458	13	25	79	40	28	1004	190	861	786	1225
mmu-miR-449a-5p MIMAT0001542	2	0	4	0	3	0	0	0	0	0	2	0	0	0	5
mmu-miR-98-5p MIMAT0000545	217	278	248	206	175	50	67	176	143	92	397	211	363	270	433
mmu-miR-377-5p MIMAT0017079	65	85	67	51	73	11	10	46	15	31	131	41	98	94	90
mmu-miR-877-3p MIMAT0004862	0	1	0	0	0	0	0	0	0	0	2	1	0	0	0
mmu-miR-511-3p MIMAT0017281	2	1	2	0	0	0	0	0	0	2	11	0	0	4	6
mmu-miR-15a-5p MIMAT0000526	2	11	8	11	10	0	0	0	1	0	14	3	13	14	14
mmu-miR-7021-5p MIMAT0027946	1	1	0	0	0	0	0	0	0	2	0	0	0	0	0
mmu-miR-92a-1-5p MIMAT0017066	2	0	2	0	1	0	0	0	0	0	4	0	1	1	5
mmu-miR-1191b-3p MIMAT0029867	1	0	1	0	0	0	0	0	0	0	0	0	2	0	0
mmu-miR-7689-3p MIMAT0029909	9	4	10	6	15	2	1	11	2	2	18	5	7	11	11
mmu-miR-3544-3p MIMAT0022354	0	0	1	0	0	0	2	0	2	0	0	0	0	2	3
mmu-miR-1843b-5p MIMAT0019345	84	54	50	41	53	35	45	101	70	54	86	66	67	64	73
mmu-miR-30a-3p MIMAT0000129	781	729	528	412	418	496	534	802	637	597	966	730	661	806	766
mmu-miR-222-3p MIMAT0000670	17	26	25	18	29	7	12	13	5	5	42	14	30	31	42
mmu-miR-3102-5p.2-5p MIMAT0014934	1	0	3	0	2	1	0	1	0	1	1	0	0	0	2
mmu-miR-6934-5p MIMAT0027768	0	1	0	0	0	0	0	0	1	0	0	0	0	0	0
mmu-miR-467a-3p MIMAT0002108	0	0	2	0	0	0	0	0	0	0	1	0	0	0	2
mmu-miR-6953-3p MIMAT0027807	0	0	0	0	0	0	1	0	0	0	0	0	0	0	0
mmu-miR-652-5p MIMAT0017260	0	1	0	0	0	0	0	0	0	0	2	0	0	1	3
mmu-miR-467d-3p MIMAT0004887	0	1	5	1	1	1	1	0	0	1	1	0	2	0	7
mmu-miR-144-3p MIMAT0000156	16	31	27	41	46	0	0	0	0	1	98	7	20	33	30
mmu-miR-7679-5p MIMAT0029872	0	0	0	0	0	0	0	0	0	0	1	0	0	0	0
mmu-miR-34c-3p MIMAT0004580	3	1	1	3	2	0	1	0	3	0	1	1	3	0	2
mmu-miR-770-5p MIMAT0004822	0	2	3	0	1	1	1	0	1	5	6	2	3	3	2
mmu-miR-3058-5p MIMAT0014813	0	0	1	1	3	0	0	0	0	0	1	0	2	4	4
mmu-miR-667-5p MIMAT0017239	4	3	3	0	0	2	2	2	1	1	8	6	3	4	1
mmu-miR-7669-5p MIMAT0029844	0	0	0	0	1	0	0	0	0	0	0	0	0	0	0
mmu-miR-126b-3p MIMAT0029895	0	0	0	0	0	0	0	0	0	0	0	0	0	0	0
mmu-miR-181a-2-3p MIMAT0005443	98	93	63	48	74	48	34	76	72	69	119	75	80	69	79
mmu-miR-6990-5p MIMAT0027882	1	2	0	0	0	0	0	0	0	0	0	0	0	0	0
mmu-miR-877-5p MIMAT0004861	1	0	0	0	0	1	1	1	0	0	1	0	0	0	0
mmu-miR-221-3p MIMAT0000669	89	134	107	103	130	13	11	40	17	6	216	94	224	158	176
mmu-miR-664-5p MIMAT0017353	3	1	0	0	1	3	5	1	6	6	2	1	0	2	1
mmu-miR-494-5p MIMAT0017215	0	1	0	1	0	1	0	0	0	0	1	0	1	3	0
mmu-miR-708-5p MIMAT0004828	22	79	65	47	54	3	2	14	4	2	138	24	94	111	208
mmu-miR-744-3p MIMAT0004820	0	1	1	2	5	0	0	0	1	0	0	0	0	1	1
mmu-miR-495-5p MIMAT0017249	0	1	0	1	0	0	0	0	1	0	4	2	1	0	1
mmu-miR-191-5p MIMAT0000221	2496	3381	2792	2054	2287	708	864	1690	855	938	3935	1946	3417	3800	4492
mmu-miR-181d-5p MIMAT0004324	180	228	157	133	172	65	62	152	138	67	284	142	222	244	259
mmu-miR-450a-2-3p MIMAT0004789	1	3	1	2	5	0	0	1	0	1	3	1	2	2	4
mmu-miR-1306-5p MIMAT0019136	3	1	3	2	0	2	3	3	2	0	3	2	4	4	6
mmu-miR-203-3p MIMAT0000236	50	58	57	34	40	8	16	55	19	9	93	72	72	45	190
mmu-miR-125b-5p MIMAT0000136	3790	7252	6218	5308	6318	1087	1508	3018	1608	1719	11567	3298	9608	9914	12243
mmu-miR-8118 MIMAT0031424	1	1	0	0	0	0	0	0	0	0	0	0	0	0	1
mmu-miR-324-3p MIMAT0000556	0	0	0	2	1	0	0	0	0	0	0	0	2	0	0
mmu-miR-540-3p MIMAT0003167	170	204	162	93	129	74	90	237	113	108	329	109	279	233	216
mmu-miR-1938 MIMAT0009402	0	1	0	0	0	0	1	0	3	2	0	1	0	0	0
mmu-miR-204-5p MIMAT0000237	108	142	142	89	104	77	131	140	101	127	166	81	164	186	217
mmu-miR-654-3p MIMAT0004898	0	0	0	1	0	0	0	0	0	0	0	0	0	0	0
mmu-miR-7673-5p MIMAT0029852	0	0	0	0	0	0	0	0	0	0	0	0	0	0	0
mmu-miR-669o-5p MIMAT0009421	0	1	2	1	2	0	0	0	1	0	0	2	0	0	6
mmu-miR-8105 MIMAT0031409	1	0	0	0	0	0	0	0	0	0	0	0	0	0	0
mmu-miR-1969 MIMAT0009442	1	1	1	1	0	3	1	4	2	2	0	3	0	2	2
mmu-miR-1970b-5p MIMAT0049843	3	0	1	5	1	1	0	2	0	0	0	2	0	1	1
mmu-miR-26a-1-3p MIMAT0017020	0	0	0	1	0	0	1	1	0	0	2	1	1	0	0
mmu-miR-486a-3p MIMAT0017206	3	4	5	2	4	6	6	7	3	9	3	4	3	3	1
mmu-miR-7236-5p MIMAT0028440	0	0	0	0	0	0	0	0	0	0	0	0	0	0	0
mmu-miR-9769-3p MIMAT0036462	0	1	1	0	1	0	0	0	0	0	0	1	0	2	1
mmu-miR-7079-3p MIMAT0028065	2	1	0	0	0	0	1	0	2	0	2	2	0	0	0
mmu-miR-34c-5p MIMAT0000381	23	27	29	35	60	0	1	10	4	2	85	12	52	37	63
mmu-miR-300-3p MIMAT0000378	2238	2494	2001	1510	2963	426	401	2382	1366	1534	3964	1390	3415	3131	3421
mmu-miR-3097-3p MIMAT0014916	0	0	0	0	1	0	0	0	0	0	0	0	0	0	0
mmu-miR-101c MIMAT0019349	0	0	0	1	0	0	0	0	0	0	1	0	3	0	1
mmu-miR-6900-3p MIMAT0027701	0	1	0	0	0	0	2	0	2	0	0	0	0	0	0
mmu-miR-12191-3p MIMAT0049851	0	1	0	0	0	0	0	0	0	0	1	1	0	0	1
mmu-miR-28a-5p MIMAT0000653	94	168	132	118	191	62	49	117	76	66	240	91	178	228	267
mmu-miR-7672-3p MIMAT0029851	0	0	0	0	0	1	0	0	0	0	0	0	0	0	0
mmu-miR-5134-3p MIMAT0022989	0	0	0	0	0	0	0	0	0	0	0	0	0	0	0
mmu-miR-7082-3p MIMAT0028071	0	0	0	0	0	2	0	0	0	0	0	0	0	0	0
mmu-miR-15b-5p MIMAT0000124	22	59	32	40	53	4	3	6	2	4	58	19	51	51	117
mmu-miR-10b-3p MIMAT0004538	4	13	8	6	7	0	0	2	0	0	7	2	7	7	12
mmu-miR-700-5p MIMAT0017256	2	2	1	4	7	2	0	0	4	2	5	1	3	2	6
mmu-miR-31-5p MIMAT0000538	0	0	0	0	1	0	0	0	0	0	4	0	2	0	2
mmu-miR-218-5p MIMAT0000663	70	76	53	57	110	19	34	65	55	25	152	84	122	111	189
mmu-miR-339-5p MIMAT0000584	41	108	77	71	92	2	4	20	6	8	152	30	110	150	133
mmu-miR-130b-5p MIMAT0004583	7	6	6	4	5	9	6	8	16	9	8	8	13	6	9
mmu-miR-299a-3p MIMAT0004577	491	838	812	548	754	81	40	283	151	140	1368	322	1239	1145	1069
mmu-miR-671-3p MIMAT0004821	13	6	10	4	6	21	16	18	21	25	13	11	8	12	12
mmu-miR-299b-5p MIMAT0022836	1	7	6	0	7	0	1	2	0	0	9	2	5	13	7
mmu-miR-25-3p MIMAT0000652	964	1018	720	601	827	334	417	694	391	403	1198	712	1040	1024	1593
mmu-miR-22-3p MIMAT0000531	273	307	266	263	249	65	73	125	99	77	438	247	376	329	293
mmu-miR-200c-3p MIMAT0000657	5	4	2	2	6	1	5	10	2	2	3	4	3	7	25
mmu-miR-212-3p MIMAT0000659	1	2	1	1	1	0	0	0	2	0	0	0	0	0	0
mmu-miR-378d MIMAT0025167	10	8	6	3	3	1	0	5	2	7	10	5	6	11	8
mmu-miR-1949 MIMAT0009416	1	0	0	8	2	0	0	1	0	4	0	0	1	4	0
mmu-miR-1981-3p MIMAT0017351	3	2	0	1	4	2	1	4	4	4	3	1	4	2	2
mmu-miR-1193-5p MIMAT0017329	0	0	1	0	0	1	0	5	1	1	3	1	0	0	1
mmu-miR-29c-3p MIMAT0000536	6	9	11	11	15	0	0	0	0	0	23	1	28	31	18
mmu-miR-188-5p MIMAT0000217	6	10	5	2	10	3	0	1	0	0	12	9	11	8	10
mmu-miR-182-5p MIMAT0000211	18	14	10	7	9	11	22	24	40	43	15	17	39	8	104
mmu-miR-490-3p MIMAT0003780	0	0	0	0	0	0	0	0	0	0	0	0	1	0	0
mmu-miR-365-3p MIMAT0000711	36	95	118	70	132	13	7	15	5	12	146	59	165	139	214
mmu-miR-382-3p MIMAT0004691	0	0	1	0	0	0	0	0	0	0	1	0	0	0	0
mmu-miR-195a-3p MIMAT0017000	21	14	17	5	24	23	23	26	23	13	36	24	14	21	25
mmu-miR-8116 MIMAT0031422	0	0	0	0	0	0	0	1	2	0	0	0	0	0	0
mmu-miR-25-5p MIMAT0017049	0	1	0	1	1	0	0	1	0	1	0	1	0	0	0
mmu-miR-337-5p MIMAT0004644	2337	2768	2431	1847	2327	962	985	2796	1050	1241	3979	2241	3402	3234	2963
mmu-miR-101a-3p MIMAT0000133	422	681	693	527	344	41	24	141	115	62	1210	295	866	773	1072
mmu-miR-125b-1-3p MIMAT0004669	0	0	0	1	0	0	1	0	0	0	2	0	1	1	2
mmu-miR-331-5p MIMAT0004643	1	0	1	0	2	0	0	0	0	0	1	0	0	0	0
mmu-miR-671-5p MIMAT0003731	2	5	6	2	5	2	0	0	4	4	9	3	7	9	8
mmu-miR-3062-5p MIMAT0014830	0	0	0	0	0	0	0	0	0	0	0	0	0	0	0
mmu-miR-92a-3p MIMAT0000539	6	5	3	2	2	1	0	5	2	6	5	1	5	7	12
mmu-miR-668-3p MIMAT0003732	0	0	0	0	0	0	0	0	0	0	1	0	2	0	1
mmu-miR-381-5p MIMAT0017081	11	23	27	10	21	0	0	1	0	3	32	9	33	37	27
mmu-let-7e-5p MIMAT0000524	442	414	370	330	486	267	368	347	339	373	699	391	503	510	652
mmu-miR-190a-5p MIMAT0000220	7	6	1	5	1	0	0	1	1	0	15	0	7	8	10
mmu-miR-146a-5p MIMAT0000158	1143	1053	788	770	693	272	258	538	323	270	1400	898	884	896	1774
mmu-miR-1b-3p MIMAT0017326	0	0	0	0	1	0	0	0	0	0	1	0	0	0	0
mmu-miR-3071-5p MIMAT0014850	0	0	1	0	0	0	0	0	0	0	0	0	0	1	0
mmu-miR-130a-3p MIMAT0000141	0	0	0	0	1	0	0	0	0	0	2	0	0	0	0
mmu-miR-6418-3p MIMAT0025174	0	0	0	0	1	1	0	0	0	0	0	0	0	0	0
mmu-miR-340-5p MIMAT0004651	346	569	496	466	335	25	26	119	58	67	953	329	773	651	933
mmu-miR-324-5p MIMAT0000555	12	18	10	4	18	0	0	4	0	1	11	6	28	15	12
mmu-miR-3077-3p MIMAT0014863	0	1	0	0	0	0	0	0	0	0	2	0	0	0	0
mmu-miR-212-5p MIMAT0017053	16	8	12	9	8	2	9	7	6	6	15	14	5	13	6
mmu-miR-99a-5p MIMAT0000131	11665	8593	7256	8291	10765	6855	8004	14230	12976	8029	17549	11397	14884	10443	14930
mmu-miR-221-5p MIMAT0017060	11	12	6	4	10	1	4	4	2	3	13	10	10	11	9
mmu-miR-421-3p MIMAT0004869	10	17	9	13	19	2	0	18	3	2	18	7	25	19	25
mmu-miR-486b-5p MIMAT0014943_>mmu-miR-486a-5p MIMAT0003130	8219	6884	5684	4076	6371	4597	5301	6039	5298	5239	12319	8400	8069	7243	9162
mmu-miR-3068-5p MIMAT0014842	32	37	28	23	39	1	1	12	7	10	66	17	31	42	47
mmu-miR-669b-5p MIMAT0003476	0	1	1	1	1	0	0	0	0	0	2	0	0	0	1
mmu-miR-6944-3p MIMAT0027789	4	6	5	1	9	5	7	6	12	16	4	3	2	1	6
mmu-miR-138-2-3p MIMAT0016987	0	0	0	0	0	0	0	0	0	0	1	0	0	0	0
mmu-miR-215-5p MIMAT0000904	0	0	0	0	0	0	0	0	1	0	0	0	0	0	1
mmu-miR-135a-5p MIMAT0000147	0	1	1	2	7	0	0	1	1	0	3	1	14	9	10
mmu-miR-26a-5p MIMAT0000533	38085	38781	30494	28434	31994	10364	12050	28167	14688	14529	50940	28672	49160	43707	49975
mmu-miR-298-3p MIMAT0017007	0	2	0	2	1	0	0	2	0	0	2	1	0	0	0
mmu-miR-28a-3p MIMAT0004661	4	2	4	2	2	6	4	5	11	3	5	3	6	7	5
mmu-miR-429-3p MIMAT0001537	0	0	0	0	0	0	0	1	0	0	0	0	0	0	0
mmu-let-7b-3p MIMAT0004621	7	5	4	11	7	2	7	1	4	5	9	4	10	10	12
mmu-miR-211-5p MIMAT0000668	0	0	0	0	0	1	0	0	1	0	0	0	0	0	6
mmu-miR-466i-3p MIMAT0005834	1	0	0	1	0	0	1	0	0	0	0	0	0	0	0
mmu-miR-329-3p MIMAT0000567	439	594	463	346	542	145	155	446	152	204	809	495	762	749	760
mmu-miR-6929-5p MIMAT0027758	0	0	0	0	0	0	2	0	0	0	0	1	0	0	0
mmu-miR-7236-3p MIMAT0028441	0	0	0	0	0	0	1	0	0	0	0	1	0	0	0
mmu-miR-451a MIMAT0001632	280	190	88	183	329	31	62	146	45	41	279	97	106	106	248
mmu-miR-122b-5p MIMAT0049852	1	0	0	0	2	0	0	1	1	0	2	0	0	0	1
mmu-miR-677-3p MIMAT0017246	1	0	0	0	2	0	0	2	3	0	1	0	1	0	0
mmu-miR-7073-5p MIMAT0028052	0	1	0	0	0	3	0	0	0	0	0	0	1	0	0
mmu-miR-665-5p MIMAT0017238	0	1	0	0	0	0	0	1	0	0	1	0	0	0	0
mmu-miR-377-3p MIMAT0000741	0	0	1	0	0	0	0	0	0	0	0	0	0	0	0
mmu-miR-3058-3p MIMAT0014814	0	1	0	0	0	0	0	0	0	0	0	0	0	0	0
mmu-miR-223-5p MIMAT0017056	4	6	5	2	3	6	2	2	17	1	9	10	8	4	9
mmu-miR-434-5p MIMAT0001421	18156	11405	8160	6320	11316	16278	13359	29146	20293	24486	18360	15905	10939	10608	11250
mmu-miR-187-5p MIMAT0016997	0	0	1	0	0	0	0	0	0	0	0	0	2	0	0
mmu-miR-668-5p MIMAT0017237	0	0	0	0	1	0	0	0	0	1	0	1	0	0	0
mmu-miR-7005-3p MIMAT0027915	0	0	0	0	0	0	0	0	0	0	1	0	0	0	0
mmu-miR-7091-3p MIMAT0028089	2	0	0	0	0	0	0	0	0	2	0	0	0	1	2
mmu-miR-582-5p MIMAT0005291	0	0	2	0	0	0	0	0	0	0	0	0	0	3	3
mmu-miR-7211-5p MIMAT0028390	0	0	0	0	0	0	0	0	0	0	0	0	0	0	0
mmu-miR-34b-3p MIMAT0004581	3	6	1	4	6	2	2	2	1	1	5	2	6	5	6
mmu-miR-653-3p MIMAT0017284	0	0	2	0	0	0	0	0	0	0	1	0	0	0	1
mmu-miR-122-5p MIMAT0000246	8	32	2	5	52	7	9	46	8	68	0	1	1	0	7
mmu-miR-125b-2-3p MIMAT0004529	30	53	34	33	45	5	10	27	17	8	90	26	82	50	89
mmu-miR-135b-5p MIMAT0000612	4	5	3	3	2	0	2	1	0	1	5	3	1	13	10
mmu-miR-1936 MIMAT0009400	1	0	0	0	0	0	0	0	0	4	1	0	0	0	0
mmu-miR-338-3p MIMAT0000582	20	27	17	26	42	4	5	15	7	10	37	10	46	33	86
mmu-miR-1198-3p MIMAT0017332	0	0	0	0	0	0	0	0	0	0	2	0	1	0	0
mmu-miR-335-3p MIMAT0004704	213	166	156	153	125	75	62	118	64	59	292	208	190	194	201
mmu-miR-29b-2-5p MIMAT0017063	4	5	9	7	4	1	0	1	0	0	10	2	6	2	3
mmu-miR-504-5p MIMAT0004889	53	33	19	24	20	55	26	55	47	81	38	37	40	31	19
mmu-miR-151-5p MIMAT0004536	58	51	41	43	59	8	14	29	11	11	53	31	69	66	60
mmu-miR-6994-5p MIMAT0027890	0	0	0	0	0	0	0	0	0	0	0	0	0	1	0
mmu-miR-133b-3p MIMAT0000769	1309	1883	1545	1534	3309	92	93	402	146	143	2840	746	2510	2728	2460
mmu-miR-1843a-3p MIMAT0014806	0	0	0	0	0	0	0	0	0	0	0	0	0	0	0
mmu-miR-3473b MIMAT0020367	1	1	0	0	1	0	1	0	0	0	0	1	0	1	0
mmu-miR-376c-5p MIMAT0005295	0	1	2	2	4	0	0	1	0	0	4	0	8	10	2
mmu-miR-493-3p MIMAT0004888	67	46	50	33	52	38	31	92	64	66	91	37	45	66	85
mmu-miR-223-3p MIMAT0000665	0	0	0	0	0	0	0	0	0	0	0	1	1	5	1
mmu-miR-219a-5p MIMAT0000664	0	4	1	0	1	0	0	0	0	0	1	0	1	1	0
mmu-miR-467d-5p MIMAT0004886	0	2	0	1	1	0	0	0	0	0	5	3	1	0	3
mmu-miR-5709-5p MIMAT0022504	0	0	2	3	0	0	0	0	0	0	0	1	1	0	0
mmu-miR-1a-3p MIMAT0000123	1547181	1315862	1281120	948992	347457	254169	225540	594830	423710	332009	1630036	1210936	1663726	1426881	1431277
mmu-miR-3110-5p MIMAT0014951	0	0	1	0	0	0	0	0	0	0	1	0	0	0	0
mmu-miR-19a-3p MIMAT0000651	2	37	25	25	6	0	0	3	0	0	46	4	14	32	24
mmu-miR-325-3p MIMAT0004640	0	0	0	0	0	1	0	0	0	0	0	0	1	0	0
mmu-miR-3086-5p MIMAT0014880	0	0	0	0	0	0	0	0	1	0	0	0	0	0	0
mmu-miR-6976-5p MIMAT0027854	0	0	0	0	0	0	0	0	0	0	0	0	0	0	1
mmu-miR-34b-5p MIMAT0000382	0	0	0	0	0	0	0	0	0	0	1	0	0	0	0
mmu-miR-29b-1-5p MIMAT0004523	0	2	2	2	2	0	0	0	0	0	3	0	1	1	1
mmu-miR-126a-3p MIMAT0000138	58252	80696	56901	52684	71134	19799	17635	43964	22796	21533	92992	43889	69672	67148	70279
mmu-miR-664-3p MIMAT0012774	3	4	0	1	4	3	0	3	0	0	4	3	7	7	3
mmu-miR-7085-3p MIMAT0028077	1	1	0	0	0	0	0	0	0	0	1	0	0	0	0
mmu-miR-380-3p MIMAT0000745	49	76	70	72	78	18	6	46	38	23	178	46	138	169	104
mmu-miR-7091-5p MIMAT0028088	3	1	1	2	1	0	4	3	2	7	4	3	0	0	2
mmu-miR-467c-3p MIMAT0017275	0	1	0	0	0	0	0	0	0	0	0	0	0	0	0
mmu-miR-376a-5p MIMAT0003387	31	155	109	118	172	3	7	26	4	6	253	23	166	201	192
mmu-let-7d-5p MIMAT0000383	2987	3767	3361	2612	2805	1774	2903	3323	2721	2577	5171	2779	4274	4174	5370
mmu-miR-675-5p MIMAT0003725	3	6	0	0	5	0	0	0	0	0	2	1	6	8	5
mmu-miR-6991-3p MIMAT0027885	0	0	0	0	0	0	0	0	0	0	0	0	0	0	0
mmu-miR-3061-3p MIMAT0014829	5	1	3	0	1	1	0	4	0	2	8	0	1	3	1
mmu-miR-669a-3p MIMAT0017243_>mmu-miR-669o-3p MIMAT0017347	3	1	2	1	0	0	0	0	0	0	4	0	1	3	6
mmu-miR-672-5p MIMAT0003735	0	2	5	1	4	1	5	1	3	2	3	1	0	4	7
mmu-miR-1943-5p MIMAT0009408	6	6	4	3	4	8	7	6	6	10	7	4	4	6	5
mmu-miR-6994-3p MIMAT0027891	1	1	0	0	0	0	0	1	2	1	0	0	1	0	0
mmu-miR-22-5p MIMAT0004629	321	472	437	449	484	57	78	239	99	81	660	267	514	509	317
mmu-miR-5623-5p MIMAT0022373	0	1	0	0	0	0	0	0	0	0	0	0	0	0	0
mmu-miR-802-5p MIMAT0004188	0	0	1	0	0	0	0	0	0	0	0	0	0	0	0
mmu-miR-10a-3p MIMAT0004659	17	20	19	19	15	1	1	10	6	2	31	13	25	27	32
mmu-miR-666-5p MIMAT0003737	293	198	114	79	189	585	429	557	661	828	268	320	159	137	220
mmu-miR-669c-5p MIMAT0003479	7	1	4	4	13	3	3	3	1	1	4	1	5	6	12
mmu-miR-1946b MIMAT0009443	0	0	0	0	0	0	0	0	0	0	0	0	0	0	0
mmu-miR-6997-3p MIMAT0027897	0	0	0	0	0	0	0	0	0	0	0	0	0	0	0
mmu-miR-1193-3p MIMAT0005851	33	87	70	74	59	7	5	39	7	17	147	43	146	142	118
mmu-miR-539-3p MIMAT0017208	3	11	12	2	9	0	0	1	0	0	16	1	6	13	3
mmu-miR-323-3p MIMAT0000551	2	0	0	0	0	0	1	0	0	1	0	1	1	0	0
mmu-miR-326-3p MIMAT0000559	9	8	6	2	11	0	2	1	0	4	8	3	18	7	6
mmu-miR-126b-5p MIMAT0029894	0	0	0	0	0	0	0	0	0	0	1	0	0	0	0
mmu-miR-146b-5p MIMAT0003475	873	677	522	426	514	235	250	501	393	296	1156	632	807	585	1322
mmu-miR-132-3p MIMAT0000144	3	3	0	1	4	0	0	1	0	0	3	0	10	3	7
mmu-miR-1955-5p MIMAT0009426	2	2	0	0	0	0	0	0	0	0	2	1	1	1	0
mmu-miR-351-3p MIMAT0017042	2	1	2	1	1	2	1	4	3	2	3	4	3	1	5
mmu-miR-1964-3p MIMAT0009437	21	8	11	5	3	30	16	29	25	25	11	9	7	17	4
mmu-miR-181b-1-3p MIMAT0017067	1	0	1	4	0	0	1	0	0	0	6	0	5	1	3
mmu-miR-1958 MIMAT0009431	1	0	0	0	0	0	0	0	0	0	0	0	1	0	0
mmu-miR-148a-5p MIMAT0004617	46	34	13	26	39	2	11	38	30	22	73	34	25	27	55
mmu-miR-335-5p MIMAT0000766	804	1334	1096	938	424	73	34	249	137	126	1527	579	1152	1846	1416
mmu-miR-425-5p MIMAT0004750	17	34	44	36	49	3	2	8	1	1	54	19	36	42	66
mmu-miR-29a-3p MIMAT0000535	175	599	481	447	521	17	21	125	28	32	873	188	733	846	951
mmu-miR-129-1-3p MIMAT0016994	0	0	0	0	0	0	0	1	0	0	0	0	0	0	0
mmu-miR-677-5p MIMAT0003451	0	0	0	1	4	0	0	0	0	0	0	0	1	0	0
mmu-miR-148b-3p MIMAT0000580	360	328	251	228	348	91	78	221	175	160	456	297	512	363	482
mmu-miR-6988-3p MIMAT0027879	1	2	0	1	0	1	1	1	2	3	1	0	0	0	1
mmu-miR-297b-5p MIMAT0003480	0	0	1	0	0	0	0	0	0	0	0	0	0	0	1
mmu-miR-384-5p MIMAT0004745	1	0	1	1	3	0	3	0	0	0	0	0	2	1	2
mmu-miR-6240 MIMAT0024861	0	0	0	0	0	0	0	0	0	0	0	0	0	0	0
mmu-let-7c-5p MIMAT0000523	8366	7970	6729	6284	7079	4737	6428	7088	7976	6013	11634	7151	9058	8091	13848
mmu-let-7f-5p MIMAT0000525	22329	19053	17572	17121	9939	15385	19955	22465	32451	19738	29119	20493	24791	18621	31501
mmu-miR-297c-5p MIMAT0004865	0	0	0	0	0	0	0	0	0	0	0	0	0	0	1
mmu-miR-434-3p MIMAT0001422	9165	11746	10483	6870	10278	3752	3832	10432	6181	5785	17867	9669	15643	14569	14632
mmu-miR-19b-3p MIMAT0000513	44	133	147	111	30	0	0	7	3	1	190	44	96	189	234
mmu-miR-669p-5p MIMAT0014889_>mmu-miR-669a-5p MIMAT0003477	5	1	1	5	2	2	1	2	1	1	4	4	3	3	15
mmu-miR-216a-5p MIMAT0000662	0	0	0	0	0	0	0	0	0	0	1	0	0	0	0
mmu-miR-6907-3p MIMAT0027715	0	0	0	0	0	0	0	0	0	0	0	0	0	0	0
mmu-miR-1843b-3p MIMAT0019346	0	0	1	0	0	0	0	0	0	0	0	0	0	0	0
mmu-miR-874-5p MIMAT0017268	0	0	0	0	0	0	0	1	0	0	0	0	0	0	0
mmu-miR-1668 MIMAT0031414	0	0	0	0	0	0	0	0	0	1	0	0	0	0	0
mmu-let-7g-3p MIMAT0004519	0	0	0	0	0	0	0	0	0	0	0	0	0	1	1
mmu-miR-374b-5p MIMAT0003727	147	193	135	122	150	10	16	52	24	22	270	76	198	206	354
mmu-miR-423-5p MIMAT0004825	80	49	46	37	53	53	54	39	48	82	81	56	69	85	103
mmu-miR-127-5p MIMAT0004530	29	27	42	24	41	6	0	21	7	5	59	14	49	41	49
mmu-miR-7211-3p MIMAT0028391	0	0	1	0	0	0	0	0	0	0	0	0	0	0	1
mmu-miR-376b-3p MIMAT0001092	0	0	0	0	1	0	0	0	0	0	0	0	0	0	0
mmu-miR-199b-5p MIMAT0000672	281	246	202	261	396	8	14	57	17	13	615	159	443	298	448
mmu-miR-7658-3p MIMAT0029823	0	0	0	0	0	0	0	0	0	0	0	0	0	0	0
mmu-let-7f-2-3p MIMAT0017017	0	0	0	1	1	0	0	0	0	0	0	0	1	0	0
mmu-let-7c-2-3p MIMAT0005439_>mmu-let-7a-1-3p MIMAT0004620	41	68	65	78	59	4	4	22	15	5	113	30	100	122	77
mmu-miR-196b-3p MIMAT0017170	0	1	1	0	0	0	0	0	0	0	0	0	5	1	0
mmu-miR-138-1-3p MIMAT0004668	0	0	0	0	0	0	0	0	0	0	1	0	1	0	0
mmu-miR-379-3p MIMAT0017080	86	132	142	83	98	17	23	85	34	51	268	77	228	247	265
mmu-miR-26a-2-3p MIMAT0017058	14	10	18	15	11	4	3	6	7	8	21	9	20	15	19
mmu-miR-154-3p MIMAT0004537	1	3	9	9	7	0	0	0	0	0	16	2	18	21	8
mmu-miR-34a-5p MIMAT0000542	4	9	8	10	21	0	0	0	1	0	23	3	13	20	24
mmu-miR-412-5p MIMAT0017173	127	102	97	65	100	77	74	153	91	118	162	124	143	109	136
mmu-miR-3076-3p MIMAT0014861	0	0	0	0	0	0	0	0	0	0	2	0	0	0	0
mmu-miR-6929-3p MIMAT0027759	0	1	0	0	0	0	0	1	1	1	0	0	0	0	0
mmu-miR-6899-3p MIMAT0027699	1	0	0	0	0	0	0	0	0	0	0	2	1	1	0
mmu-miR-135b-3p MIMAT0017044	0	0	1	0	0	0	0	0	0	0	0	0	0	0	0
mmu-miR-365-2-5p MIMAT0017179	3	0	0	0	2	3	0	4	3	1	3	1	0	4	3
mmu-miR-106b-3p MIMAT0004582	126	86	72	49	94	86	66	111	94	105	123	112	123	102	126
mmu-miR-547-3p MIMAT0003173	0	0	0	0	0	0	0	2	0	0	0	0	0	0	0
mmu-let-7d-3p MIMAT0000384	214	364	363	312	297	324	388	469	376	377	523	300	583	527	309
mmu-miR-344-3p MIMAT0000593	0	0	0	0	0	0	0	0	0	0	0	0	0	0	0
mmu-miR-300-5p MIMAT0004578	2	0	5	1	3	0	0	1	0	0	8	0	12	10	7
mmu-miR-33-5p MIMAT0000667	0	1	3	1	0	0	0	0	0	0	3	2	4	0	2
mmu-miR-760-3p MIMAT0003898	0	0	0	0	0	0	0	0	1	0	0	0	0	0	0
mmu-let-7g-5p MIMAT0000121	18541	16321	14722	12590	9796	4956	6037	12156	7539	5931	23614	17749	22701	16293	24827
mmu-miR-675-3p MIMAT0003726	0	1	1	1	0	0	0	0	0	0	1	0	0	2	0
mmu-miR-1a-2-5p MIMAT0017047	1	0	0	1	1	0	0	0	0	0	2	0	3	3	0
mmu-miR-666-3p MIMAT0004823	1	0	0	1	1	1	0	1	2	1	0	3	0	0	0
mmu-miR-1930-5p MIMAT0009393	0	0	0	0	0	0	0	0	0	1	0	0	0	0	0
mmu-miR-7653-5p MIMAT0029812	0	0	0	0	0	0	0	0	2	2	0	0	0	0	0
mmu-miR-6964-5p MIMAT0027828	0	0	0	0	0	0	0	0	1	0	0	0	0	0	0
mmu-miR-452-3p MIMAT0017194	1	0	0	0	0	0	0	0	0	0	0	0	0	0	0
mmu-miR-1a-1-5p MIMAT0016979	6	8	7	8	29	0	0	2	0	1	12	3	22	35	10
mmu-miR-7069-3p MIMAT0028045	0	0	0	0	0	0	0	0	0	0	0	0	1	0	0
mmu-miR-541-5p MIMAT0003170	6417	4794	3868	2566	3238	5416	6147	8443	6620	8225	6196	5556	5514	4966	5979
mmu-miR-214-3p MIMAT0000661	0	0	2	0	0	1	0	0	0	0	3	1	0	2	0
mmu-miR-574-5p MIMAT0004893	7	11	13	17	15	1	8	5	4	6	16	4	14	19	28
mmu-miR-341-3p MIMAT0000588	178	253	218	192	328	14	17	154	91	84	403	107	303	233	247
mmu-miR-9-3p MIMAT0000143	0	1	0	3	1	0	0	0	0	0	1	0	1	2	9
mmu-miR-501-5p MIMAT0003508	3	1	2	4	2	0	0	1	0	0	3	0	6	3	3
mmu-miR-154-5p MIMAT0000164	15	17	19	9	32	2	4	3	4	5	23	9	19	22	28
mmu-miR-205-5p MIMAT0000238	0	0	0	0	0	0	0	0	0	0	0	0	0	0	0
mmu-miR-6955-5p MIMAT0027810	0	0	0	0	2	0	0	0	0	0	0	0	0	0	0
mmu-miR-192-5p MIMAT0000517	152	138	131	86	137	34	32	97	76	65	241	119	184	135	223
mmu-miR-6896-5p MIMAT0027692	0	0	0	0	0	0	0	0	0	0	0	0	1	0	0
mmu-miR-881-3p MIMAT0004846	0	0	0	0	0	0	0	0	0	0	0	0	1	0	0
mmu-miR-219a-1-3p MIMAT0017055	3	2	1	3	3	0	0	0	2	2	2	1	0	2	0
mmu-miR-136-3p MIMAT0004532	17	62	47	52	41	2	1	12	3	1	106	18	72	76	60
mmu-miR-96-5p MIMAT0000541	1	3	2	0	6	0	0	1	0	0	2	0	5	0	3
mmu-miR-181b-5p MIMAT0000673	499	684	500	539	549	153	137	339	230	158	1011	454	751	738	961
mmu-miR-7665-5p MIMAT0029836	0	0	0	0	0	0	0	0	0	0	0	0	0	0	0
mmu-miR-500-5p MIMAT0017258	0	0	1	0	0	1	0	0	0	0	0	0	0	2	1
mmu-miR-146b-3p MIMAT0004826	1	3	0	0	1	0	0	3	0	0	3	1	1	1	6
mmu-miR-204-3p MIMAT0017002	0	0	0	0	0	0	0	0	0	1	0	0	0	0	1
mmu-miR-24-3p MIMAT0000219	5060	9136	6583	5375	8263	1921	2343	4732	2748	2791	12474	4374	9266	9019	10171
mmu-miR-501-3p MIMAT0003509	220	180	177	127	140	200	202	276	243	202	314	214	222	265	302
mmu-miR-483-5p MIMAT0004782	143	83	68	40	82	135	154	126	123	178	103	73	80	93	106
mmu-miR-1247-5p MIMAT0014800	0	3	1	1	0	0	1	0	0	0	1	4	2	1	0
mmu-miR-9-5p MIMAT0000142	20	8	16	8	23	2	2	12	1	2	19	13	31	18	40
mmu-miR-431-5p MIMAT0001418	3	6	3	4	5	6	1	5	3	8	6	5	2	7	7
mmu-miR-93-5p MIMAT0000540	209	401	256	224	308	11	21	80	30	19	487	105	411	411	536
mmu-miR-201-3p MIMAT0017001	0	0	1	0	0	0	0	0	0	0	0	0	0	0	0
mmu-miR-6938-3p MIMAT0027777	0	0	0	0	0	0	0	0	0	0	0	0	1	0	0
mmu-miR-384-3p MIMAT0001076	0	1	1	1	0	0	0	0	0	0	3	0	1	1	0
mmu-miR-29c-5p MIMAT0004632	20	18	8	13	16	2	3	12	2	5	17	12	13	11	13
mmu-miR-495-3p MIMAT0003456	186	214	167	157	175	121	125	169	111	136	324	173	252	247	180
mmu-miR-328-5p MIMAT0017030	0	0	2	0	0	0	0	0	1	0	0	0	0	1	0
mmu-miR-12189-3p MIMAT0049848	0	0	0	0	0	0	0	0	0	0	0	0	1	1	0
mmu-miR-30b-3p MIMAT0004524	45	18	13	11	27	15	34	29	19	30	35	30	30	27	37
mmu-let-7c-1-3p MIMAT0004622	1	0	1	1	2	1	9	5	2	3	6	6	10	11	6
mmu-miR-5129-3p MIMAT0022987	0	0	0	2	1	0	1	1	0	0	3	0	1	0	1
mmu-miR-6932-5p MIMAT0027764	0	0	0	0	0	0	0	0	0	0	0	0	0	0	0
mmu-miR-361-3p MIMAT0017075	168	136	116	70	136	90	73	135	85	85	198	142	161	145	181
mmu-miR-6944-5p MIMAT0027788	0	0	0	0	1	0	0	0	0	0	0	0	0	0	0
mmu-miR-1934-3p MIMAT0017341	0	0	0	0	0	0	1	0	0	0	0	0	0	0	0
mmu-miR-30c-2-3p MIMAT0005438	252	179	118	109	152	90	98	132	97	113	183	223	192	156	181
mmu-miR-217-5p MIMAT0000679	1	0	1	0	1	0	0	0	0	0	1	0	1	1	1
mmu-miR-7680-3p MIMAT0029875	0	0	0	0	0	0	0	0	0	0	0	0	1	0	0
mmu-miR-7674-3p MIMAT0029857	0	0	0	0	0	0	0	0	0	0	0	0	0	0	1
mmu-miR-465a-5p MIMAT0002106	0	0	0	0	0	0	0	0	0	0	0	0	0	0	1
mmu-miR-151-3p MIMAT0000161	633	353	246	189	331	1355	1207	771	1050	811	527	557	323	360	364
mmu-miR-1247-3p MIMAT0014801	1	0	0	0	0	0	0	0	1	0	0	0	0	0	2
mmu-miR-30b-5p MIMAT0000130	13	19	14	10	22	3	1	8	11	6	23	6	11	28	27
mmu-miR-200b-3p MIMAT0000233	1	1	0	3	5	0	1	2	1	0	1	0	2	2	8
mmu-miR-136-5p MIMAT0000148	923	1474	1245	1254	1472	70	66	562	387	194	3243	791	1333	1357	1482
mmu-miR-7677-3p MIMAT0029869	0	0	0	0	0	0	0	0	0	0	0	0	0	0	0
mmu-miR-106a-5p MIMAT0000385	0	2	2	5	4	0	1	0	0	1	4	0	6	0	11
mmu-miR-497a-5p MIMAT0003453	0	0	0	1	1	0	0	0	0	0	2	0	0	0	3
mmu-miR-3572-3p MIMAT0020636	0	0	0	0	0	1	0	0	0	0	0	0	0	0	0
mmu-miR-690 MIMAT0003469	5	9	5	9	9	4	3	8	5	13	7	4	5	2	1
mmu-miR-16-5p MIMAT0000527	336	798	599	616	729	37	36	138	72	35	1101	275	805	901	1346
mmu-miR-3065-3p MIMAT0014837	0	0	0	0	0	0	0	0	0	0	0	0	0	0	2
mmu-miR-874-3p MIMAT0004853	0	0	0	1	0	0	0	0	0	0	3	1	0	0	3
mmu-miR-33-3p MIMAT0004666	0	0	0	1	0	0	0	0	0	0	0	0	1	0	1
mmu-let-7e-3p MIMAT0017016	3	11	9	7	10	1	0	0	1	1	9	4	11	14	12
mmu-miR-1291 MIMAT0031397	7	7	4	14	14	1	2	1	1	1	8	2	10	10	10
mmu-miR-1188-3p MIMAT0017328	1	1	0	0	0	0	1	0	0	0	0	0	0	0	0
mmu-miR-103-2-5p MIMAT0017025	0	0	0	0	0	0	0	0	0	0	0	0	0	0	1
mmu-miR-23b-5p MIMAT0016980	6	4	1	6	3	6	5	3	4	3	1	3	5	5	5
mmu-miR-3079-5p MIMAT0014866	0	0	0	0	0	0	0	0	0	0	0	0	0	0	1
mmu-miR-186-5p MIMAT0000215	219	426	299	324	397	48	27	140	60	60	578	148	535	536	516
mmu-miR-5129-5p MIMAT0020640	0	0	0	1	0	0	0	0	0	0	0	0	0	0	0
mmu-miR-150-5p MIMAT0000160	3	0	0	0	2	0	0	0	0	0	1	0	0	1	5
mmu-miR-679-5p MIMAT0003455	1	1	1	0	3	0	0	0	0	0	0	2	0	0	0
mmu-miR-1963 MIMAT0009436	3	0	2	0	0	0	0	1	2	0	1	5	1	1	1
mmu-miR-210-3p MIMAT0000658	7	23	22	27	41	2	0	6	3	2	64	4	44	22	48
mmu-miR-6928-3p MIMAT0027757	0	0	0	0	0	0	0	0	0	0	0	0	0	0	1
mmu-miR-5616-3p MIMAT0022360	0	0	0	0	0	0	0	0	0	0	0	0	1	0	0
mmu-miR-26b-3p MIMAT0004630	5	9	2	3	6	0	0	0	1	3	5	1	12	14	5
mmu-miR-6902-3p MIMAT0027705	0	0	0	0	0	0	0	0	0	0	0	0	1	0	0
mmu-miR-3070-2-3p MIMAT0014849	0	0	0	0	0	0	1	1	1	0	0	0	1	0	0
mmu-miR-6958-3p MIMAT0027817	1	2	0	1	1	2	5	4	2	2	2	0	3	0	1
mmu-miR-16-2-3p MIMAT0017018	0	0	0	2	1	0	0	0	0	0	4	0	1	3	4
mmu-miR-3095-3p MIMAT0014912	1	0	0	0	1	1	1	0	0	1	0	1	0	0	7
mmu-miR-381-3p MIMAT0000746	30	29	19	16	43	10	11	23	22	15	55	18	42	37	59
mmu-miR-301a-3p MIMAT0000379	0	2	0	1	1	0	0	0	1	0	4	0	3	3	3
mmu-miR-376b-5p MIMAT0003388	251	291	233	243	331	47	77	192	103	81	433	186	323	394	353
mmu-let-7i-5p MIMAT0000122	24892	14355	11415	10269	11990	10387	11616	21832	20103	13728	21778	23224	17896	14110	21561
mmu-miR-574-3p MIMAT0004894	0	0	0	0	0	0	0	2	0	0	0	0	0	0	1
mmu-miR-127-3p MIMAT0000139	55452	42440	34902	24056	42319	31083	20123	58477	36822	44151	60773	41445	54499	46933	51315
mmu-let-7a-5p MIMAT0000521	5668	6534	6218	6047	4750	4634	6217	6655	9299	6426	9841	5581	8338	7002	10798
mmu-miR-410-5p MIMAT0017172	0	0	2	1	0	1	2	0	0	0	1	0	0	0	0
mmu-miR-199a-5p MIMAT0000229	1779	4742	3863	3973	6483	163	150	945	400	241	9366	1161	7433	6117	8079
mmu-miR-143-5p MIMAT0017006	76	189	165	127	242	9	3	22	13	8	319	42	291	213	287
mmu-miR-7075-3p MIMAT0028057	0	0	0	0	0	0	0	0	0	0	0	0	0	0	0
mmu-miR-7688-5p MIMAT0029906	3	1	2	0	4	7	7	14	4	12	1	5	3	2	0
mmu-miR-450b-5p MIMAT0003511	7	15	12	9	7	4	0	2	2	0	21	15	13	17	26
mmu-miR-138-5p MIMAT0000150	4	9	13	5	29	0	1	4	1	1	33	3	28	11	52
mmu-miR-708-3p MIMAT0003498	116	37	40	31	53	74	57	99	109	100	69	60	47	53	68
mmu-miR-224-5p MIMAT0000671	4	9	4	2	1	6	7	11	4	2	5	2	9	3	10
mmu-miR-29b-3p MIMAT0000127	4	8	4	8	7	1	0	1	0	0	9	1	11	16	9
mmu-miR-3082-3p MIMAT0014873	0	1	0	0	0	0	0	0	0	0	0	0	0	0	1
mmu-miR-107-3p MIMAT0000647	183	257	175	150	158	29	30	94	22	32	285	133	341	245	382
mmu-miR-702-3p MIMAT0003492	0	0	0	0	0	0	0	0	0	0	0	0	1	0	0
mmu-miR-184-3p MIMAT0000213	3	2	2	1	0	3	1	1	8	4	2	1	0	1	1
mmu-miR-339-3p MIMAT0004649	4	11	11	11	10	1	2	6	7	8	18	7	20	14	19
mmu-miR-741-3p MIMAT0004236	0	1	0	0	0	0	0	0	0	0	0	0	0	0	0
mmu-miR-6922-5p MIMAT0027744	0	0	0	0	0	0	0	0	0	1	0	0	0	0	0
mmu-miR-5621-5p MIMAT0022369	0	0	0	1	0	0	0	0	0	0	0	0	0	0	0
mmu-miR-6911-3p MIMAT0027723	2	1	1	1	2	0	1	0	0	1	1	0	0	2	0
mmu-miR-24-1-5p MIMAT0000218	28	36	14	27	29	14	1	23	12	15	49	18	31	25	48
mmu-miR-7667-5p MIMAT0029840	0	0	0	0	0	0	0	1	0	0	0	1	0	2	0
mmu-miR-592-5p MIMAT0003730	5	7	9	8	4	0	0	0	0	1	12	7	7	13	5
mmu-miR-23a-3p MIMAT0000532	7	10	9	9	7	5	2	5	1	1	17	6	17	11	13
mmu-miR-7675-5p MIMAT0029858	0	0	0	0	0	0	0	0	0	1	0	0	0	0	0
mmu-miR-6940-3p MIMAT0027781	0	0	0	0	0	0	0	1	0	0	1	0	0	0	0
mmu-miR-1933-3p MIMAT0009397	0	0	1	0	5	0	2	5	0	3	5	1	1	1	0
mmu-miR-3100-5p MIMAT0014919	1	0	1	1	0	0	0	2	1	0	3	0	0	3	0
mmu-miR-6945-3p MIMAT0027791	0	0	0	0	0	1	2	0	0	2	0	0	1	0	0
mmu-miR-351-5p MIMAT0000609	1053	849	692	410	688	355	427	883	574	757	1228	786	1181	951	1262
mmu-miR-7024-5p MIMAT0027952	0	1	0	0	0	0	0	0	0	0	1	0	0	0	0
mmu-miR-139-5p MIMAT0000656	1	1	0	0	1	1	0	0	1	1	1	5	3	0	1
mmu-miR-362-3p MIMAT0004684	17	40	25	26	25	1	0	2	1	0	59	11	40	39	47
mmu-miR-298-5p MIMAT0000376	64	66	56	42	64	47	37	71	43	81	83	52	52	86	93
mmu-miR-380-5p MIMAT0000744	352	583	431	280	380	119	88	281	193	187	818	342	583	588	759
mmu-miR-193b-3p MIMAT0004859	11	20	6	7	35	0	2	1	3	0	26	5	28	8	53
mmu-miR-7661-3p MIMAT0029829	0	0	0	0	0	0	0	0	0	0	0	2	0	0	0
mmu-miR-142a-3p MIMAT0000155	27	79	44	53	77	0	3	10	2	4	142	10	60	65	656
mmu-miR-3473h-5p MIMAT0049861	0	0	0	0	0	0	0	1	0	0	0	0	0	0	0
mmu-miR-1954 MIMAT0009425	0	0	0	0	0	0	0	0	0	1	2	0	1	1	0
mmu-miR-540-5p MIMAT0004786	1	8	3	6	5	0	0	1	0	0	6	1	1	12	4
mmu-miR-7041-5p MIMAT0027986	0	0	0	0	0	0	0	1	0	0	0	0	0	0	0
mmu-miR-7661-5p MIMAT0029828	0	0	1	0	1	0	0	0	0	0	0	0	0	0	0
mmu-miR-615-3p MIMAT0003783	78	91	71	69	74	136	160	191	144	204	144	79	97	109	76
mmu-miR-486b-3p MIMAT0014944	3	4	5	2	4	6	6	7	3	9	3	4	3	3	1
mmu-miR-191-3p MIMAT0004542	4	4	6	3	1	5	2	3	4	2	9	1	4	4	1
mmu-miR-27a-5p MIMAT0004633	91	53	28	37	59	89	58	60	88	99	69	91	77	73	58
mmu-miR-344d-3p MIMAT0014808	0	0	0	0	0	0	1	2	0	0	0	0	0	0	0
mmu-miR-500-3p MIMAT0003507	29	33	33	18	38	3	1	10	5	12	48	10	40	55	52
mmu-miR-7213-5p MIMAT0028394	0	1	0	0	0	0	0	0	0	1	0	1	0	0	0
mmu-miR-466n-3p MIMAT0014894	0	0	1	0	0	0	0	0	0	0	0	0	0	0	0
mmu-miR-301b-5p MIMAT0017232	1	0	0	0	0	0	0	0	0	0	0	2	0	0	0
mmu-miR-133a-5p MIMAT0003473	48	206	184	109	98	2	0	19	3	8	226	49	203	234	250
mmu-miR-3154 MIMAT0035714	0	0	0	0	0	0	0	0	0	0	1	0	0	0	0
mmu-miR-497b MIMAT0031404	0	0	0	0	1	0	0	0	0	0	0	0	1	0	0
mmu-miR-301b-3p MIMAT0004186	0	1	0	0	1	0	0	0	0	0	0	0	0	0	0
mmu-miR-18a-5p MIMAT0000528	1	9	2	6	11	0	0	1	0	0	7	1	5	13	10
mmu-miR-196a-1-3p MIMAT0017013	0	0	0	0	0	0	0	0	0	0	0	0	0	0	0
mmu-miR-141-3p MIMAT0000153	0	0	0	0	0	0	0	0	0	0	0	0	1	0	1
mmu-miR-100-5p MIMAT0000655	4234	4603	3555	3636	4470	1972	1866	3419	2408	1981	6758	4222	5738	5001	6592
mmu-miR-208b-3p MIMAT0004939	3	8	2	5	8	0	0	0	1	0	14	0	6	15	8
mmu-miR-582-3p MIMAT0005292	7	4	4	0	0	1	0	1	0	2	3	1	2	2	2
mmu-miR-3095-5p MIMAT0014911	0	0	0	0	1	0	0	0	0	0	0	0	0	0	1
mmu-miR-7014-5p MIMAT0027932	0	0	0	0	0	0	0	0	0	0	0	0	0	0	1
mmu-miR-208a-3p MIMAT0000520	0	0	1	0	1	0	0	0	0	1	0	0	1	1	0
mmu-miR-466m-3p MIMAT0014883	0	0	0	0	0	0	0	0	0	0	0	0	0	0	1
mmu-miR-3084-5p MIMAT0014876	0	0	0	0	1	1	1	0	1	0	1	0	0	0	2
mmu-miR-1983 MIMAT0009455	12	25	15	17	21	7	2	21	5	6	24	18	23	31	25
mmu-miR-194-5p MIMAT0000224	4	11	14	18	6	0	0	0	2	1	16	5	11	13	18
mmu-miR-6399 MIMAT0025151	0	0	0	0	0	0	0	1	0	0	0	0	0	0	0
mmu-miR-6951-5p MIMAT0027802	0	0	0	0	0	0	0	0	0	0	0	0	1	0	1
mmu-miR-672-3p MIMAT0017241	0	0	0	0	0	0	0	0	0	0	0	0	0	0	1
mmu-miR-467e-5p MIMAT0005293	5	2	3	2	2	3	1	2	0	0	5	1	6	5	15
mmu-miR-20a-3p MIMAT0004627	0	1	0	0	1	0	0	0	0	0	0	0	1	1	1
mmu-miR-206-3p MIMAT0000239	30872	25431	17219	14282	22565	43345	57610	42816	66119	53873	35064	29284	24509	23478	45119
mmu-miR-450b-3p MIMAT0003512	27	60	61	56	22	9	18	30	11	16	116	36	88	101	66
mmu-miR-6950-3p MIMAT0027801	0	0	0	0	0	2	0	0	0	0	0	0	0	0	0
mmu-miR-6966-3p MIMAT0027835	0	1	2	0	1	2	1	0	2	3	0	1	0	0	0
mmu-miR-1843a-5p MIMAT0014805	50	32	35	18	40	10	20	31	15	16	58	37	49	36	48
mmu-miR-669l-5p MIMAT0009418	1	1	1	0	1	0	0	0	0	0	1	0	0	0	4
mmu-miR-5621-3p MIMAT0022370	1	1	1	1	0	0	0	0	1	0	2	0	0	1	1
mmu-miR-544-3p MIMAT0004941	0	2	2	0	1	0	0	0	0	0	2	0	2	1	1
mmu-miR-543-3p MIMAT0003168	141	105	106	93	89	200	201	271	269	216	204	182	153	170	131
mmu-miR-12185-3p MIMAT0049838	0	0	0	0	0	0	0	0	0	0	0	0	2	0	0
mmu-miR-376c-3p MIMAT0003183	9	19	7	8	6	0	1	6	2	1	15	10	6	24	10
mmu-miR-488-3p MIMAT0003450	3	0	1	6	3	1	0	3	3	1	6	4	2	5	4
mmu-miR-1198-5p MIMAT0005859	67	40	32	27	50	149	160	98	135	93	70	58	60	51	69
mmu-miR-20b-5p MIMAT0003187	0	4	9	2	1	0	0	0	2	0	6	0	4	5	31
mmu-miR-201-5p MIMAT0000234	0	0	0	0	0	0	0	0	0	0	0	0	0	0	0
mmu-miR-6946-3p MIMAT0027793	0	0	0	0	0	0	0	0	0	0	0	0	0	0	0
mmu-miR-378a-3p MIMAT0003151	65562	65061	50599	35693	45968	13965	10948	34980	20294	19490	85889	48356	61946	57270	68534
mmu-miR-199b-3p MIMAT0004667_>mmu-miR-199a-3p MIMAT0000230	34	31	26	33	31	4	4	23	6	3	70	20	57	42	59
mmu-miR-511-5p MIMAT0004940	0	0	1	0	0	0	0	0	0	0	0	1	0	0	0
mmu-miR-128-3p MIMAT0000140	8	5	5	4	5	11	12	12	21	11	9	4	5	7	4
mmu-miR-137-3p MIMAT0000149	0	0	0	0	0	0	0	0	0	0	0	0	0	0	2
mmu-miR-466p-3p MIMAT0014892_>mmu-miR-466b-3p MIMAT0004876_>mmu-miR-466c-3p MIMAT0004878	1	1	2	0	0	0	0	0	0	0	1	0	1	0	2
mmu-miR-10a-5p MIMAT0000648	4036	3415	2673	2283	2752	1913	1374	3174	1793	1933	3990	3684	3934	3719	3961
mmu-miR-532-5p MIMAT0002889	83	88	66	47	63	20	20	65	46	31	136	70	87	77	143
mmu-miR-196a-5p MIMAT0000518	539	680	561	412	431	161	297	389	447	208	1026	516	786	668	1179
mmu-miR-30c-5p MIMAT0000514	6192	8409	6879	5222	6069	1195	823	4589	1936	1780	12011	5660	9014	9156	9202
mmu-miR-879-5p MIMAT0004842	0	0	1	0	1	0	0	0	0	0	0	0	0	0	1
mmu-miR-148a-3p MIMAT0000516	29097	11462	8519	10078	11635	13913	11523	21809	32344	16489	19997	22415	16147	11717	18886
mmu-miR-6984-5p MIMAT0027870	0	0	0	0	0	0	0	0	0	0	0	0	0	0	0
mmu-miR-5099 MIMAT0020606	0	0	0	0	0	0	0	0	0	0	0	0	0	0	0
mmu-miR-345-5p MIMAT0000595	3	4	4	6	7	1	0	1	0	0	3	5	5	10	8
mmu-miR-494-3p MIMAT0003182	13	35	46	23	21	6	0	15	12	9	96	21	40	50	57
mmu-miR-1934-5p MIMAT0009398	1	1	0	0	1	2	0	0	0	2	0	0	0	2	2
mmu-miR-679-3p MIMAT0017248	1	4	3	3	4	0	0	8	0	4	3	4	4	5	1
mmu-miR-150-3p MIMAT0004535	0	0	1	0	1	1	1	0	0	0	2	0	0	0	3
mmu-miR-330-3p MIMAT0000569	4	4	5	0	0	2	0	5	2	4	3	4	0	5	2
mmu-miR-6946-5p MIMAT0027792	0	0	0	0	0	0	0	0	0	1	0	0	0	0	0
mmu-miR-219a-2-3p MIMAT0022841	0	0	0	1	0	0	0	0	0	0	3	0	0	0	0
mmu-miR-181a-1-3p MIMAT0000660	17	34	26	19	42	5	3	10	9	7	49	10	34	39	46
mmu-miR-1249-5p MIMAT0014804	0	0	0	0	1	0	0	0	0	0	0	0	0	0	0
mmu-miR-185-5p MIMAT0000214	1045	830	605	479	432	821	661	1279	817	1247	1197	1011	907	877	1113
mmu-miR-132-5p MIMAT0016984	1	1	1	1	2	1	1	4	2	0	9	2	1	5	6
mmu-miR-365-1-5p MIMAT0017077	0	0	2	0	0	1	1	1	1	0	1	2	2	0	1
mmu-miR-7685-3p MIMAT0029897	1	0	0	0	0	0	0	0	1	0	0	0	0	0	0
mmu-miR-181c-3p MIMAT0017068	8	21	10	12	14	2	3	1	2	3	13	3	18	14	12
mmu-miR-218-1-3p MIMAT0004665	0	0	0	0	0	0	0	0	0	0	1	0	0	0	0
mmu-miR-128-1-5p MIMAT0016982	2	0	0	1	0	0	0	0	0	1	0	3	1	0	0
mmu-miR-362-5p MIMAT0000706	28	65	70	35	49	0	0	8	0	2	84	18	73	68	87
mmu-miR-674-5p MIMAT0003740	14	13	12	7	9	3	7	7	4	10	30	17	17	15	20
mmu-miR-466b-5p MIMAT0004875_>mmu-miR-466o-5p MIMAT0014885	0	0	2	0	0	0	0	0	0	0	2	0	1	1	2
mmu-miR-350-3p MIMAT0000605	6	6	6	9	9	2	1	1	0	0	12	10	15	11	9
mmu-miR-200a-5p MIMAT0004619	0	0	0	0	0	0	2	0	1	0	0	0	0	0	0
mmu-miR-409-5p MIMAT0004746	535	745	579	415	547	117	106	380	111	137	950	475	1010	857	838
mmu-miR-92b-3p MIMAT0004899	2	1	1	0	0	0	3	0	0	0	0	1	1	0	2
mmu-miR-466d-3p MIMAT0004931	0	0	1	0	5	0	1	0	0	0	2	0	1	1	2
mmu-miR-100-3p MIMAT0017051	0	1	1	0	5	0	0	0	0	0	3	0	1	1	1
mmu-miR-449c-5p MIMAT0003460	0	0	0	0	0	0	0	0	0	0	1	0	0	0	0
mmu-miR-485-3p MIMAT0003129	1	0	0	1	1	0	2	5	3	0	1	2	6	3	2
mmu-miR-143-3p MIMAT0000247	27782	32379	21963	21491	37995	12711	10877	22458	16657	16971	51004	33033	42266	35886	38740
mmu-miR-3074-5p MIMAT0014856	1	0	1	3	2	3	1	4	0	1	5	0	5	1	5
mmu-miR-7687-5p MIMAT0029902	0	0	0	0	0	1	1	0	0	0	0	0	0	0	0
mmu-miR-3074-1-3p MIMAT0014857	0	1	2	0	1	0	0	0	0	0	1	0	0	0	0
mmu-miR-302d-3p MIMAT0003377	0	0	0	0	0	0	0	0	0	0	0	0	0	0	0
mmu-miR-665-3p MIMAT0003733	1	2	3	1	3	0	0	1	1	0	5	1	2	0	6
mmu-miR-378c MIMAT0025138	9952	12887	10758	6794	6878	1352	894	4449	2475	2152	17048	7808	12707	11124	13852
mmu-miR-455-5p MIMAT0003485	3	6	4	10	4	1	0	2	1	0	7	2	4	2	1
mmu-miR-7651-5p MIMAT0029804	0	0	0	0	0	0	0	0	0	0	0	0	0	0	1
mmu-miR-467e-3p MIMAT0005294	0	0	0	0	0	0	0	0	0	0	0	0	0	0	1
mmu-miR-3101-5p MIMAT0014921	0	0	0	0	0	0	0	0	0	0	0	0	0	0	0
mmu-miR-1966-3p MIMAT0022952	0	0	0	0	0	1	0	0	1	0	0	0	0	0	0
mmu-miR-7061-5p MIMAT0028026	0	0	0	0	0	0	0	0	0	0	0	0	0	1	0
mmu-miR-6921-3p MIMAT0027743	0	0	0	0	0	0	0	0	0	0	0	0	0	0	0
mmu-miR-485-5p MIMAT0003128	207	174	129	116	161	331	358	312	276	378	257	171	179	199	172
mmu-let-7b-5p MIMAT0000522	2507	2477	1933	1721	2517	1105	1605	1516	1446	1266	3181	1889	2512	2736	3438
mmu-miR-1231-3p MIMAT0022358	0	0	0	0	0	0	0	2	0	0	0	0	0	0	0
mmu-miR-7061-3p MIMAT0028027	0	0	0	0	1	0	0	0	0	0	0	0	0	0	0
mmu-miR-674-3p MIMAT0003741	0	2	1	0	0	3	4	0	2	1	3	1	1	0	0
mmu-miR-7685-5p MIMAT0029896	0	0	0	0	0	0	2	0	0	0	2	0	0	2	0
mmu-miR-491-5p MIMAT0003486	0	0	0	0	0	0	0	1	0	0	2	0	0	1	3
mmu-let-7i-3p MIMAT0004520	6	23	14	10	23	1	2	5	5	1	28	6	18	25	28
mmu-miR-6912-5p MIMAT0027724	0	0	0	0	0	0	0	0	0	0	0	0	0	0	0
mmu-miR-133a-3p MIMAT0000145	1106	1692	1380	1383	3024	84	75	366	140	133	2586	660	2250	2430	2235
mmu-miR-193a-3p MIMAT0000223	0	1	5	0	1	0	0	0	0	0	0	0	2	0	0
mmu-miR-6966-5p MIMAT0027834	0	0	0	0	0	0	0	0	0	0	0	1	0	0	0
mmu-miR-503-3p MIMAT0004790	55	75	42	40	61	47	50	77	68	62	85	53	70	81	69