	LN	LN	LN	LN	LN	NL	NL	NL	NL	NL	NN	NN	NN	NN	NN
mmu-miR-152-3p MIMAT0000162	2639	3036	2380	2112	1988	296	294	850	712	440	4154	1870	3997	3002	4818
mmu-miR-496a-5p MIMAT0017244	0	0	0	0	0	0	0	0	0	0	0	1	2	0	0
mmu-miR-542-3p MIMAT0003172	6	9	5	6	2	1	0	3	1	7	14	7	6	3	28
mmu-miR-6977-3p MIMAT0027857	0	0	0	0	0	1	0	0	0	0	1	0	0	0	0
mmu-miR-382-5p MIMAT0000747	434	411	365	252	252	211	365	557	400	327	538	428	541	439	478
mmu-miR-6959-5p MIMAT0027818	0	0	0	0	0	0	1	0	1	0	0	0	0	0	0
mmu-miR-6546-5p MIMAT0029792	0	0	0	0	1	0	0	0	0	0	0	0	0	0	0
mmu-miR-667-3p MIMAT0003734	38	32	26	19	29	16	34	60	39	40	57	23	43	44	32
mmu-miR-181c-5p MIMAT0000674	22	65	63	59	98	6	7	14	7	11	116	18	99	99	92
mmu-miR-195a-5p MIMAT0000225	120	231	144	171	208	26	17	58	27	29	318	120	214	254	256
mmu-miR-450a-5p MIMAT0001546	391	1231	1122	1024	1015	96	100	233	174	138	1983	331	1741	1455	1629
mmu-miR-12193-3p MIMAT0049856	0	0	0	0	0	0	0	0	0	1	0	0	0	0	0
mmu-miR-129-2-3p MIMAT0000544	0	0	0	1	1	0	0	0	0	0	0	0	0	1	1
mmu-miR-1941-3p MIMAT0009406	0	0	0	0	0	0	0	0	0	0	0	0	0	0	1
mmu-miR-669d-5p MIMAT0005833	1	1	2	0	2	0	0	0	0	0	1	0	1	3	1
mmu-miR-7025-5p MIMAT0027954	0	0	0	0	0	0	0	0	0	0	0	0	0	0	0
mmu-miR-673-3p MIMAT0004824	484	294	242	158	217	613	561	740	582	765	388	422	308	328	310
mmu-miR-7243-3p MIMAT0029911	0	0	0	0	0	0	0	0	0	0	0	0	0	0	0
mmu-miR-134-5p MIMAT0000146	21	22	20	13	25	12	21	25	15	26	32	22	22	23	33
mmu-miR-192-3p MIMAT0017012	0	0	1	0	0	0	0	0	0	0	0	0	1	0	0
mmu-miR-320-5p MIMAT0017057	0	0	0	0	0	0	0	0	0	0	0	0	1	1	0
mmu-miR-206-5p MIMAT0017004	0	0	0	1	1	0	0	0	0	0	0	0	2	0	0
mmu-miR-503-5p MIMAT0003188	16	59	64	52	53	2	8	1	4	1	120	8	71	100	111
mmu-miR-30a-5p MIMAT0000128	462	356	325	258	251	68	60	204	121	100	629	410	420	344	430
mmu-miR-484 MIMAT0003127	67	73	92	62	67	22	15	43	14	18	106	49	108	121	111
mmu-miR-6900-5p MIMAT0027700	0	0	1	0	0	0	0	0	0	0	0	0	0	0	0
mmu-miR-5130 MIMAT0020641	0	0	0	1	0	0	0	0	0	0	0	0	0	0	0
mmu-miR-3072-3p MIMAT0014853	13	14	6	6	24	6	5	7	4	1	23	5	38	15	23
mmu-miR-30c-1-3p MIMAT0004616	33	27	24	13	17	6	12	16	15	11	36	23	28	28	27
mmu-miR-147-5p MIMAT0017269	0	0	0	0	0	0	0	2	0	0	0	0	0	1	0
mmu-miR-196a-2-3p MIMAT0004618	0	1	0	0	0	0	0	0	0	0	0	0	0	0	0
mmu-miR-7219-3p MIMAT0028407	0	1	0	1	0	0	0	0	0	0	0	1	1	1	2
mmu-miR-455-3p MIMAT0003742	9	9	9	3	6	0	0	4	1	2	9	1	11	8	12
mmu-miR-1224-5p MIMAT0005460	0	0	0	0	0	0	1	0	0	1	0	0	0	1	0
mmu-miR-7669-3p MIMAT0029845	0	0	0	0	0	0	0	0	0	1	0	0	1	0	0
mmu-miR-3057-5p MIMAT0014822	6	1	2	2	1	3	6	7	2	4	6	4	2	10	3
mmu-miR-21a-5p MIMAT0000530	3072	5222	4278	3990	4206	283	235	1247	581	464	8119	2109	6980	6342	7430
mmu-miR-329-5p MIMAT0017032	72	70	58	38	59	9	9	57	38	18	119	53	109	78	69
mmu-miR-669f-5p MIMAT0017327	1	0	1	1	4	0	0	1	0	0	2	0	0	0	3
mmu-miR-140-3p MIMAT0000152	177	135	110	101	211	18	16	72	43	40	230	121	208	173	245
mmu-miR-3066-5p MIMAT0014838	0	0	0	0	0	0	0	1	1	0	0	0	0	0	1
mmu-miR-296-5p MIMAT0000374	4	8	5	6	8	2	0	3	0	1	12	5	13	8	12
mmu-miR-872-5p MIMAT0004934	127	170	125	171	152	14	22	74	46	19	275	98	198	217	289
mmu-miR-130a-5p MIMAT0016983	0	1	0	1	2	0	2	0	0	0	1	0	2	0	1
mmu-let-7f-1-3p MIMAT0004623	14	10	14	7	20	2	3	12	4	0	17	10	15	32	20
mmu-miR-196b-5p MIMAT0001081	403	624	400	417	500	105	157	258	253	123	938	321	790	688	992
mmu-miR-6980-3p MIMAT0027863	0	0	0	0	2	0	0	1	0	0	0	0	0	0	0
mmu-miR-341-5p MIMAT0017037	1	0	1	0	0	2	4	1	0	0	3	2	1	1	2
mmu-miR-505-3p MIMAT0003513	0	0	0	0	0	0	0	0	0	0	1	0	0	0	0
mmu-miR-1981-5p MIMAT0009458	67	30	23	17	32	216	251	135	204	149	50	62	31	35	39
mmu-miR-7010-5p MIMAT0027924	0	1	0	0	1	1	0	0	2	1	1	1	0	1	0
mmu-miR-3087-3p MIMAT0014896	0	0	0	0	0	0	0	0	0	0	1	0	0	0	0
mmu-miR-3102-3p MIMAT0014936	5	6	2	5	7	1	7	3	4	3	10	1	6	6	6
mmu-miR-142a-5p MIMAT0000154	7	13	14	16	31	0	0	0	0	0	42	1	20	12	118
mmu-miR-539-5p MIMAT0003169	50	63	44	34	82	22	35	57	32	26	63	57	91	62	96
mmu-miR-10b-5p MIMAT0000208	8572	7957	6027	5815	6495	3273	2644	6349	4616	3856	9362	7633	10150	8460	11700
mmu-miR-467a-5p MIMAT0003409	28	17	12	11	30	2	1	17	7	3	37	16	21	22	69
mmu-miR-149-5p MIMAT0000159	370	321	277	191	327	175	202	269	185	166	476	274	350	519	294
mmu-miR-652-3p MIMAT0003711	53	54	30	27	63	13	14	28	18	12	65	43	56	46	78
mmu-miR-129-5p MIMAT0000209	9	5	1	5	7	23	10	22	19	9	14	9	14	3	6
mmu-miR-6968-3p MIMAT0027839	0	0	2	0	0	0	0	0	0	0	0	0	0	0	0
mmu-miR-103-3p MIMAT0000546	1614	2034	1612	1274	1159	249	292	719	366	297	2573	1207	2549	1871	3244
mmu-miR-15b-3p MIMAT0004521	0	0	0	0	0	0	0	0	0	0	0	0	0	1	0
mmu-miR-145a-3p MIMAT0004534	375	356	367	338	306	103	97	223	100	87	495	361	611	637	527
mmu-miR-140-5p MIMAT0000151	8	15	9	7	14	1	0	4	1	2	21	5	25	23	21
mmu-miR-3072-5p MIMAT0014852	0	0	0	0	0	1	0	0	0	0	1	0	0	0	0
mmu-miR-17-5p MIMAT0000649	166	441	362	246	311	24	6	60	22	21	573	130	450	477	611
mmu-miR-190b-3p MIMAT0017267	0	0	0	0	0	0	0	0	0	0	1	0	0	0	0
mmu-miR-24-2-5p MIMAT0005440	326	603	476	461	783	84	51	239	163	126	1007	301	665	663	713
mmu-miR-134-3p MIMAT0016985	2	1	0	0	1	0	2	6	0	0	1	3	2	6	2
mmu-miR-99b-5p MIMAT0000132	364	328	294	208	335	155	159	299	241	183	510	279	464	387	474
mmu-miR-3102-3p.2-3p MIMAT0014935	1	0	0	0	1	0	2	0	0	0	0	0	0	0	1
mmu-miR-342-5p MIMAT0004653	4	3	1	0	2	3	10	5	4	0	2	3	3	3	8
mmu-miR-128-2-5p MIMAT0017069	2	3	1	1	0	1	4	3	2	2	1	0	1	1	2
mmu-miR-7059-5p MIMAT0028022	0	0	0	0	0	0	2	0	0	0	0	0	0	1	1
mmu-miR-185-3p MIMAT0016996	10	8	4	4	11	4	5	5	7	5	5	12	9	1	3
mmu-miR-3078-5p MIMAT0014864	0	0	0	0	2	0	0	0	0	0	0	0	0	0	0
mmu-miR-6950-5p MIMAT0027800	0	0	0	0	0	0	1	0	0	0	0	0	0	0	0
mmu-miR-3084-3p MIMAT0014877	0	0	0	1	0	0	0	2	0	0	0	0	0	0	0
mmu-miR-340-3p MIMAT0000586	57	89	56	48	65	25	24	78	58	65	87	56	67	64	115
mmu-miR-3081-3p MIMAT0014871	15	5	7	6	8	7	3	10	11	15	15	10	11	7	5
mmu-miR-99b-3p MIMAT0004525	43	44	25	34	39	37	15	45	37	30	51	58	55	50	51
mmu-miR-770-3p MIMAT0003891	29	5	16	6	16	117	106	90	147	134	22	28	18	18	17
mmu-miR-9768-5p MIMAT0036459	0	0	0	0	0	0	0	0	0	0	0	0	0	0	1
mmu-miR-330-5p MIMAT0004642	0	0	0	1	1	0	1	1	1	2	0	0	0	1	0
mmu-miR-346-5p MIMAT0000597	0	1	0	0	0	1	0	0	1	0	0	0	0	0	1
mmu-miR-32-5p MIMAT0000654	24	61	40	56	34	0	0	7	10	2	97	15	58	39	83
mmu-miR-152-5p MIMAT0016991	66	37	30	41	51	6	7	42	10	16	74	39	61	35	67
mmu-miR-145a-5p MIMAT0000157	2570	1884	1265	1252	3203	163	161	532	134	201	2592	1240	3224	2843	2683
mmu-miR-190a-3p MIMAT0016998	0	0	0	2	2	0	0	0	0	0	1	0	0	0	1
mmu-miR-320-3p MIMAT0000666	264	229	167	140	130	276	344	283	257	276	364	224	247	293	324
mmu-miR-149-3p MIMAT0016990	1	0	0	0	0	0	0	1	0	4	0	0	2	0	0
mmu-miR-155-3p MIMAT0016993	0	0	0	1	0	0	0	0	0	0	1	0	1	0	3
mmu-miR-6962-3p MIMAT0027825	0	0	0	0	0	0	0	0	0	0	0	0	0	1	0
mmu-miR-7074-3p MIMAT0028055	0	0	0	0	0	0	0	0	0	0	0	0	0	0	0
mmu-miR-147-3p MIMAT0004857	0	0	0	0	0	0	0	0	0	0	0	0	1	0	0
mmu-miR-155-5p MIMAT0000165	38	43	22	35	31	11	20	24	11	12	47	34	45	45	123
mmu-miR-505-5p MIMAT0017259	0	0	0	0	0	2	1	0	1	0	1	0	1	0	2
mmu-miR-7043-5p MIMAT0027990	0	0	0	0	0	0	0	0	0	0	1	0	0	0	0
mmu-miR-3057-3p MIMAT0014823	0	0	0	0	0	0	0	1	0	0	1	1	1	1	1
mmu-miR-673-5p MIMAT0003739	67	59	60	30	27	147	220	220	258	257	113	49	78	76	85
mmu-miR-3474 MIMAT0015646	0	0	1	0	1	2	0	1	1	1	1	1	0	0	0
mmu-miR-378a-5p MIMAT0000742	710	1031	837	825	1122	135	87	402	110	114	1583	568	1353	1651	1231
mmu-miR-27b-3p MIMAT0000126	12372	11420	8375	7413	10109	1124	1614	5005	2249	1962	15563	9787	16464	11692	17685
mmu-miR-188-3p MIMAT0004541	0	0	0	1	1	0	0	1	0	0	0	0	3	0	0
mmu-miR-701-5p MIMAT0003491	0	3	2	4	4	0	0	0	0	0	3	3	4	8	5
mmu-miR-101b-5p MIMAT0017046	0	0	0	0	0	0	0	0	1	0	0	0	0	1	0
mmu-miR-7219-5p MIMAT0028406	0	0	0	0	0	0	0	0	1	0	0	0	0	0	0
mmu-miR-122-3p MIMAT0017005	1	0	0	0	0	0	0	0	0	0	0	0	0	0	0
mmu-miR-361-5p MIMAT0000704	66	151	147	92	120	17	19	49	25	14	225	75	227	252	204
mmu-miR-496a-3p MIMAT0003738	18	29	11	20	21	0	1	3	2	3	41	6	34	32	34
mmu-miR-483-3p MIMAT0003120	1	0	0	1	0	5	0	2	0	1	0	0	0	0	0
mmu-miR-872-3p MIMAT0004935	17	16	24	28	29	2	1	2	1	2	33	9	31	25	31
mmu-miR-203b-3p MIMAT0049832	0	1	0	1	0	0	3	1	1	0	5	2	2	2	13
mmu-miR-7040-5p MIMAT0027984	0	0	0	0	0	0	0	0	0	0	0	1	0	0	0
mmu-miR-3112-5p MIMAT0014955	0	1	0	0	0	0	0	0	0	0	0	0	0	0	0
mmu-miR-23b-3p MIMAT0000125	18	13	14	8	17	1	4	4	5	4	32	15	20	15	14
mmu-miR-331-3p MIMAT0000571	1	0	1	0	2	0	0	0	0	0	0	0	3	0	1
mmu-miR-193b-5p MIMAT0017271	3	1	2	1	1	6	8	8	0	3	4	3	3	3	4
mmu-miR-3109-5p MIMAT0014949	0	0	0	0	3	0	0	0	0	0	0	0	0	0	0
mmu-miR-30d-3p MIMAT0017011	10	14	11	17	27	3	4	10	4	3	20	14	24	31	14
mmu-miR-542-5p MIMAT0003171	2	5	6	1	10	2	5	5	2	2	11	3	8	10	13
mmu-miR-409-3p MIMAT0001090	127	80	86	74	60	96	118	164	149	170	140	124	96	114	115
mmu-miR-337-3p MIMAT0000578	14	12	8	13	40	1	0	8	2	3	18	12	35	23	15
mmu-miR-3060-3p MIMAT0014827	0	0	0	0	0	0	0	0	0	0	0	0	1	0	0
mmu-miR-133b-5p MIMAT0017083	0	2	0	0	3	0	0	0	0	0	1	1	0	0	0
mmu-miR-93-3p MIMAT0004636	1	3	2	2	6	0	1	3	1	0	4	1	6	4	8
mmu-miR-412-3p MIMAT0001094	0	1	0	0	0	0	0	0	0	0	0	0	0	1	0
mmu-miR-6516-5p MIMAT0027343	0	1	0	0	0	0	0	0	1	0	2	1	2	0	0
mmu-miR-7013-3p MIMAT0027931	0	0	0	0	0	0	0	0	0	1	0	0	0	1	0
mmu-miR-676-3p MIMAT0003782	108	100	114	66	112	72	94	134	148	84	130	97	159	114	181
mmu-miR-7007-5p MIMAT0027918	0	0	0	0	2	0	0	0	0	0	0	0	0	0	0
mmu-miR-3535 MIMAT0031410	97	52	53	18	40	30	28	52	99	95	57	53	32	23	71
mmu-miR-363-3p MIMAT0000708	1	2	0	5	3	0	0	1	1	0	2	2	0	2	4
mmu-miR-489-3p MIMAT0003112	1	7	4	1	1	0	0	1	1	0	8	1	3	2	7
mmu-miR-301a-5p MIMAT0017008	10	13	11	14	10	3	3	5	2	3	18	10	13	14	28
mmu-miR-325-5p MIMAT0000558	1	1	0	0	0	0	0	1	0	0	3	0	0	3	2
mmu-miR-369-5p MIMAT0003185	99	208	171	120	138	52	51	158	57	46	299	84	202	190	219
mmu-miR-499-5p MIMAT0003482	148	350	297	290	198	30	54	109	127	84	578	136	417	506	357
mmu-miR-411-5p MIMAT0004747	5875	9780	6961	6111	8315	1789	1549	8261	3801	3358	15337	6294	11364	11031	12343
mmu-miR-425-3p MIMAT0001342	0	2	1	0	0	0	0	0	0	2	1	0	0	0	1
mmu-miR-344f-3p MIMAT0014932	0	0	0	0	0	0	0	0	0	0	0	0	0	0	0
mmu-miR-1947-5p MIMAT0009413	2	3	0	0	2	3	4	3	3	2	0	3	1	0	3
mmu-miR-3473e MIMAT0025587	0	0	0	0	0	2	0	0	0	0	0	0	0	0	0
mmu-miR-5121 MIMAT0020629	0	0	1	8	8	0	0	0	0	0	2	0	0	4	2
mmu-miR-1197-3p MIMAT0005858	4	16	18	23	20	0	2	2	0	3	32	5	26	43	26
mmu-miR-17-3p MIMAT0000650	9	21	4	8	15	0	3	2	1	1	17	1	15	20	30
mmu-miR-7225-3p MIMAT0028419	0	0	0	0	0	0	0	0	0	1	0	0	0	0	0
mmu-miR-27a-3p MIMAT0000537	2617	4731	3477	3279	4761	647	578	1944	1271	1093	7462	2333	5062	5109	5122
mmu-miR-322-5p MIMAT0000548	1	3	2	0	3	0	0	0	0	0	2	0	3	4	5
mmu-miR-7012-3p MIMAT0027929	0	0	0	0	1	0	0	0	0	0	0	0	0	0	0
mmu-miR-328-3p MIMAT0000565	211	226	182	157	140	149	125	331	201	192	336	217	242	263	169
mmu-miR-1941-5p MIMAT0009405	0	0	0	0	0	0	0	0	0	0	1	0	0	0	0
mmu-miR-6540-5p MIMAT0025585	4	1	0	0	0	2	0	1	2	1	3	0	0	0	1
mmu-miR-216b-5p MIMAT0003729	1	2	3	0	1	0	2	0	0	1	0	0	0	3	1
mmu-miR-7a-1-3p MIMAT0004670	8	15	8	14	10	2	1	2	1	0	18	4	20	18	9
mmu-miR-139-3p MIMAT0004662	7	3	3	6	5	9	12	10	9	9	10	3	6	14	6
mmu-miR-200a-3p MIMAT0000519	4	1	4	2	4	0	0	3	2	0	2	0	1	2	17
mmu-miR-23a-5p MIMAT0017019	0	0	5	1	0	0	0	1	3	0	0	0	2	2	0
mmu-miR-3472 MIMAT0015643	0	0	0	0	0	0	0	0	0	1	0	0	0	0	0
mmu-miR-369-3p MIMAT0003186	301	629	635	544	351	19	14	154	36	30	1042	334	1165	1161	1002
mmu-miR-98-3p MIMAT0017023	0	0	2	0	3	0	0	0	1	0	4	0	1	2	0
mmu-miR-3069-3p MIMAT0014845	0	0	0	2	1	0	0	0	1	0	0	0	0	0	0
mmu-miR-487b-5p MIMAT0017216	0	0	1	0	0	0	0	1	0	0	0	1	2	0	2
mmu-miR-323-5p MIMAT0004638	1	0	0	0	0	0	0	0	0	4	0	0	0	1	0
mmu-miR-370-5p MIMAT0017174	0	0	0	0	0	0	0	0	0	0	0	0	0	0	0
mmu-miR-1927 MIMAT0009390	0	0	2	0	0	0	0	0	0	0	0	0	1	0	0
mmu-miR-1188-5p MIMAT0005843	1	0	0	0	0	1	1	1	1	0	1	0	0	0	0
mmu-miR-712-5p MIMAT0003502	0	0	0	4	0	0	1	0	0	0	0	0	0	2	0
mmu-miR-322-3p MIMAT0000549	875	1062	795	466	490	309	286	684	312	481	1166	716	1011	907	1027
mmu-miR-27b-5p MIMAT0004522	18	9	11	11	8	6	15	22	13	13	20	26	16	15	17
mmu-miR-125a-3p MIMAT0004528	0	0	0	0	1	0	0	1	0	0	0	0	0	0	0
mmu-miR-30e-3p MIMAT0000249	626	772	505	430	439	263	207	435	309	252	895	634	806	796	762
mmu-miR-26b-5p MIMAT0000534	1166	1499	1191	1225	956	220	296	613	416	314	2194	1043	2370	1860	2103
mmu-miR-541-3p MIMAT0017209	13	21	26	14	17	0	1	8	6	2	36	13	33	22	30
mmu-miR-6539 MIMAT0025584	0	0	0	0	0	0	0	0	0	0	0	0	0	0	0
mmu-miR-499-3p MIMAT0017254	0	0	0	0	0	0	0	0	0	0	0	0	0	2	1
mmu-miR-7225-5p MIMAT0028418	0	0	0	0	0	1	0	0	0	0	0	0	0	0	0
mmu-miR-296-3p MIMAT0004576	12	14	6	6	6	6	12	16	19	13	19	12	15	15	22
mmu-miR-32-3p MIMAT0017050	1	1	0	0	0	0	1	0	0	1	0	1	1	0	3
mmu-miR-6989-3p MIMAT0027881	1	0	1	0	0	0	1	0	0	0	0	0	0	0	0
mmu-miR-1955-3p MIMAT0017348	0	0	0	0	0	0	0	0	0	0	0	0	0	0	0
mmu-miR-7046-3p MIMAT0027997	0	0	0	0	0	0	0	0	0	0	0	0	0	0	0
mmu-miR-379-5p MIMAT0000743	12933	9813	7632	5609	6840	7715	6206	13577	13451	11048	15490	10937	11002	10207	13197
mmu-miR-15a-3p MIMAT0004624	0	1	2	0	0	0	0	0	0	0	1	0	0	0	0
mmu-miR-466c-5p MIMAT0004877	2	1	3	1	3	0	3	0	0	0	5	0	2	1	9
mmu-miR-125a-5p MIMAT0000135	1668	2096	1801	1539	1924	783	902	1491	974	1235	2827	1293	2799	2727	2715
mmu-miR-7043-3p MIMAT0027991	2	1	1	1	0	2	1	5	2	0	4	5	1	1	3
mmu-miR-3099-3p MIMAT0014816	8	6	3	4	5	4	6	2	12	7	2	5	3	5	9
mmu-miR-7237-3p MIMAT0028443	0	0	0	0	1	0	0	0	0	0	0	0	0	1	0
mmu-miR-378b MIMAT0019348	71	55	44	40	29	4	6	28	5	10	80	38	77	54	42
mmu-miR-30d-5p MIMAT0000515	607	407	260	271	264	270	188	513	317	358	554	536	383	396	447
mmu-miR-423-3p MIMAT0003454	509	462	424	273	338	318	314	490	334	400	662	461	582	482	538
mmu-miR-181b-2-3p MIMAT0017084	0	1	2	0	0	0	0	1	0	0	3	0	5	0	2
mmu-miR-6986-5p MIMAT0027874	0	0	0	0	0	0	0	0	0	1	0	0	0	0	0
mmu-miR-744-5p MIMAT0004187	1000	789	698	542	578	1283	1507	1478	1336	1626	1118	849	922	989	891
mmu-miR-487b-3p MIMAT0003184	91	211	129	109	155	19	23	67	31	25	236	90	233	206	253
mmu-miR-7b-5p MIMAT0000678	641	292	262	279	205	163	238	502	362	436	557	590	421	391	718
mmu-miR-124b-3p MIMAT0049857	0	0	0	0	0	0	0	0	0	0	0	0	0	0	0
mmu-miR-30e-5p MIMAT0000248	79	134	132	77	104	4	2	21	10	12	204	65	123	146	144
mmu-miR-1968-5p MIMAT0009441	2	2	1	1	2	1	3	2	1	1	5	5	1	7	2
mmu-miR-466f-3p MIMAT0004882	0	0	0	2	0	0	0	0	0	0	0	0	0	0	0
mmu-miR-7037-5p MIMAT0027978	0	0	0	0	0	0	0	4	0	0	0	0	0	0	0
mmu-miR-16-1-3p MIMAT0004625	7	1	8	7	24	0	1	3	4	2	9	4	9	9	8
mmu-miR-7031-5p MIMAT0027966	0	0	0	0	0	1	0	0	0	0	0	0	0	0	0
mmu-miR-6952-3p MIMAT0027805	0	0	0	0	0	2	0	0	0	0	0	0	0	0	1
mmu-miR-7231-5p MIMAT0028430	0	0	0	0	0	0	0	0	1	0	0	0	0	0	0
mmu-miR-148b-5p MIMAT0017036	15	25	14	15	28	0	1	7	5	2	32	9	20	17	29
mmu-miR-676-5p MIMAT0003781	92	80	52	35	64	56	23	142	63	54	116	64	81	85	91
mmu-miR-18a-3p MIMAT0004626	0	0	0	0	0	0	0	1	0	0	0	0	0	0	1
mmu-miR-6516-3p MIMAT0027344	0	0	0	0	2	0	0	0	0	0	1	0	0	0	0
mmu-miR-873a-3p MIMAT0017279	0	0	0	0	0	0	0	0	0	0	0	0	1	0	0
mmu-miR-342-3p MIMAT0000590	1	1	1	2	0	0	0	0	0	0	0	1	0	1	1
mmu-miR-7092-5p MIMAT0028090	0	2	0	0	0	0	0	0	0	0	0	0	0	0	0
mmu-miR-7027-3p MIMAT0027959	0	0	1	0	0	0	0	0	0	0	0	0	0	0	0
mmu-miR-669f-3p MIMAT0005839	0	0	0	0	0	0	0	0	0	0	1	1	1	0	4
mmu-miR-467b-5p MIMAT0005448	1	4	2	0	3	0	0	0	1	0	1	1	1	5	8
mmu-miR-543-5p MIMAT0017207	0	0	0	0	0	0	0	1	1	2	0	0	3	0	0
mmu-miR-7063-5p MIMAT0028030	0	0	1	0	0	2	0	0	0	0	1	0	1	0	0
mmu-miR-302b-3p MIMAT0003374	0	0	0	0	0	0	0	0	0	0	0	0	0	0	0
mmu-miR-183-5p MIMAT0000212	11	6	4	7	14	13	21	18	37	22	15	5	25	12	52
mmu-let-7j MIMAT0025123	2416	1625	1418	1207	1244	655	809	1865	1455	1016	2436	1972	2174	1615	2542
mmu-miR-5709-3p MIMAT0027104	0	0	0	0	0	0	0	0	0	0	0	0	0	0	0
mmu-miR-29a-5p MIMAT0004631	1	0	0	0	0	0	0	0	0	0	3	0	0	0	0
mmu-miR-3103-3p MIMAT0014938	0	2	0	0	0	1	0	0	0	1	0	0	0	0	0
mmu-miR-1195 MIMAT0005856	0	0	0	1	4	1	0	2	0	0	1	0	0	2	1
mmu-miR-19b-1-5p MIMAT0017065	0	0	0	1	1	0	0	0	0	0	0	0	1	1	0
mmu-miR-6964-3p MIMAT0027829	1	0	0	1	0	0	0	0	0	0	1	0	1	0	0
mmu-miR-99a-3p MIMAT0016981	0	0	0	1	3	0	0	0	0	0	2	0	1	0	0
mmu-miR-190b-5p MIMAT0004852	0	5	4	4	3	0	0	1	0	1	4	4	5	3	1
mmu-miR-144-5p MIMAT0016988	31	38	31	51	46	0	1	12	3	5	83	13	27	42	65
mmu-miR-7226-3p MIMAT0028421	0	0	0	0	0	0	0	0	0	0	0	1	0	0	0
mmu-miR-7036a-5p MIMAT0027976	0	0	0	0	0	0	0	0	1	0	0	0	0	0	0
mmu-miR-1932 MIMAT0009395	0	0	0	0	0	0	0	0	0	1	0	0	0	0	0
mmu-miR-193a-5p MIMAT0004544	22	22	19	25	11	14	19	14	12	13	38	30	17	34	38
mmu-miR-3068-3p MIMAT0014843	15	15	11	6	12	2	1	9	4	3	20	11	27	28	26
mmu-miR-8114 MIMAT0031420	0	0	0	2	0	0	0	0	0	0	0	1	0	0	1
mmu-miR-7012-5p MIMAT0027928	1	0	0	0	0	0	0	0	0	0	0	0	0	0	0
mmu-miR-363-5p MIMAT0017076	0	0	0	0	0	0	0	0	1	0	0	0	0	0	0
mmu-miR-411-3p MIMAT0001093	261	393	295	133	288	87	133	354	243	216	596	208	594	599	664
mmu-miR-466a-3p MIMAT0002107_>mmu-miR-466e-3p MIMAT0004880	1	1	3	1	5	0	1	0	1	0	4	0	3	1	5
mmu-miR-3473d MIMAT0020632	0	0	0	0	0	0	0	0	0	0	2	0	1	0	0
mmu-miR-6996-3p MIMAT0027895	0	0	0	0	0	0	0	1	0	0	0	0	0	0	0
mmu-miR-450a-1-3p MIMAT0017182	7	6	10	5	2	2	1	3	0	3	18	1	11	8	17
mmu-miR-124-3p MIMAT0000134	0	0	1	0	0	0	0	0	0	0	0	0	0	2	1
mmu-miR-466g MIMAT0004883	0	3	0	0	1	0	1	0	1	0	0	0	0	1	2
mmu-miR-1191a MIMAT0005849	0	1	0	0	0	0	0	1	0	0	0	0	0	0	0
mmu-miR-3070-5p MIMAT0014846	0	0	0	0	0	0	1	0	1	0	0	0	0	0	0
mmu-miR-297a-5p MIMAT0000375	0	0	0	0	0	0	0	0	0	0	0	0	0	0	2
mmu-miR-3109-3p MIMAT0014950	1	0	0	2	0	0	0	0	0	0	0	0	1	0	0
mmu-miR-470-5p MIMAT0002111	0	0	0	0	0	0	0	0	1	0	0	0	0	1	0
mmu-miR-598-3p MIMAT0004942	1	0	0	0	0	0	0	1	0	0	0	0	0	0	0
mmu-miR-3059-5p MIMAT0014811	0	0	0	0	0	0	0	0	0	0	0	0	0	0	1
mmu-miR-433-3p MIMAT0001420	26	16	7	13	7	21	17	35	38	53	29	19	15	13	20
mmu-miR-5100 MIMAT0020607	0	0	2	0	1	0	0	0	0	2	0	0	0	0	0
mmu-miR-1298-5p MIMAT0014809	0	0	0	0	0	0	2	0	0	1	0	0	0	0	0
mmu-miR-7679-3p MIMAT0029873	0	0	0	0	1	0	1	0	0	0	0	0	0	0	0
mmu-miR-433-5p MIMAT0001419	0	0	2	0	0	1	0	0	0	1	0	0	1	2	0
mmu-miR-490-5p MIMAT0017261	0	0	0	1	0	0	0	0	0	0	0	0	1	2	0
mmu-miR-670-3p MIMAT0017242	0	0	0	0	0	0	0	0	0	0	1	0	0	0	1
mmu-miR-338-5p MIMAT0004647	61	43	47	42	71	25	76	67	68	56	102	57	140	73	227
mmu-miR-7235-3p MIMAT0028439	0	0	1	0	0	0	0	0	0	0	0	0	0	0	0
mmu-miR-1970c-3p MIMAT0049877	0	0	0	0	0	0	0	0	0	0	0	1	0	0	0
mmu-miR-194-2-3p MIMAT0017073	0	1	0	0	0	0	0	0	0	0	0	0	0	0	0
mmu-miR-532-3p MIMAT0004781	97	78	58	49	92	12	18	45	13	20	111	47	96	114	116
mmu-miR-375-3p MIMAT0000739	0	0	0	0	0	0	1	1	0	0	1	0	0	0	1
mmu-miR-7054-5p MIMAT0028012	0	1	0	0	0	1	0	0	0	0	0	0	0	1	0
mmu-miR-1191b-5p MIMAT0029866	5	2	4	6	2	1	2	3	1	0	9	4	2	4	4
mmu-miR-181a-5p MIMAT0000210	3205	4495	3235	3383	4262	1100	1168	2456	1566	1284	5479	2373	5018	4677	6063
mmu-miR-7664-3p MIMAT0029835	0	0	0	0	0	0	0	0	0	3	0	0	0	0	0
mmu-miR-106b-5p MIMAT0000386	3	1	4	2	6	0	0	0	1	0	3	1	3	5	2
mmu-miR-187-3p MIMAT0000216	4	4	3	2	7	0	1	0	1	2	5	2	1	7	3
mmu-miR-467c-5p MIMAT0004885	1	2	1	1	1	0	0	3	3	0	4	1	6	4	8
mmu-miR-1249-3p MIMAT0010560	0	0	0	0	0	0	0	0	0	0	0	0	0	0	0
mmu-miR-7083-5p MIMAT0028072	0	0	1	0	2	0	0	0	0	0	0	2	0	0	0
mmu-miR-370-3p MIMAT0001095	212	86	75	96	69	164	177	230	281	293	221	217	133	118	134
mmu-miR-669b-3p MIMAT0017250	0	0	0	1	0	0	0	0	0	0	0	0	0	0	0
mmu-miR-1953 MIMAT0009424	0	0	0	0	0	0	0	0	0	0	0	0	0	0	1
mmu-miR-1839-3p MIMAT0009457	10	12	6	5	10	0	1	6	3	6	23	8	16	7	11
mmu-miR-1839-5p MIMAT0009456	507	397	312	253	210	149	145	318	256	195	570	466	466	405	502
mmu-miR-214-5p MIMAT0004664	138	157	129	141	212	40	52	112	85	48	308	107	213	215	286
mmu-miR-3097-5p MIMAT0014915	0	0	0	0	0	0	0	0	0	0	0	0	0	0	0
mmu-miR-18b-5p MIMAT0004858	0	0	0	0	2	0	0	0	0	0	0	0	1	0	1
mmu-miR-8111 MIMAT0031417	0	0	0	0	0	0	1	0	1	0	0	0	0	0	0
mmu-miR-28c MIMAT0019339	0	0	0	0	0	0	0	0	0	0	0	0	0	0	0
mmu-miR-7a-5p MIMAT0000677	152	60	49	48	47	16	27	58	30	39	117	99	90	72	167
mmu-miR-466j MIMAT0005848	0	0	0	0	0	0	0	0	0	0	0	0	0	0	0
mmu-miR-299a-5p MIMAT0000377	335	855	623	523	816	18	25	135	41	55	997	163	866	1208	805
mmu-miR-126a-5p MIMAT0000137	337	1517	1268	1203	1231	18	19	96	24	32	2084	192	1564	1969	1529
mmu-miR-5615-5p MIMAT0022355	0	0	0	0	1	0	0	0	0	0	0	0	1	0	0
mmu-miR-1960 MIMAT0009433	0	0	0	0	0	1	0	0	0	0	1	0	1	1	1
mmu-miR-383-5p MIMAT0000748	1	0	0	0	0	1	1	0	1	1	0	0	1	0	0
mmu-miR-101a-5p MIMAT0004526	0	0	0	0	1	0	0	0	0	0	1	0	1	0	1
mmu-miR-5114 MIMAT0020622	0	1	0	0	0	0	0	0	0	1	0	0	0	0	0
mmu-miR-345-3p MIMAT0004656	55	32	31	27	33	22	16	41	18	34	58	46	41	36	40
mmu-miR-7116-3p MIMAT0028130	0	0	0	0	0	0	0	0	0	0	0	0	0	0	0
mmu-miR-7030-3p MIMAT0027965	0	1	0	2	0	0	0	0	0	0	0	0	0	0	0
mmu-miR-6948-5p MIMAT0027796	0	0	0	0	0	0	0	1	0	0	2	0	0	1	0
mmu-miR-21b MIMAT0025121	0	0	0	0	0	0	1	0	0	0	4	1	4	0	1
mmu-miR-20a-5p MIMAT0000529	303	855	679	474	497	17	26	90	47	30	1095	225	937	860	1325
mmu-miR-449a-5p MIMAT0001542	2	0	7	1	3	0	0	0	0	0	3	0	2	0	6
mmu-miR-98-5p MIMAT0000545	284	328	290	247	217	72	105	236	189	117	476	285	444	337	508
mmu-miR-377-5p MIMAT0017079	73	90	73	58	76	12	10	54	15	32	136	45	105	108	97
mmu-miR-877-3p MIMAT0004862	0	1	0	0	0	0	0	0	0	0	2	1	0	0	0
mmu-miR-511-3p MIMAT0017281	3	7	2	3	2	0	0	0	0	5	14	0	3	4	7
mmu-miR-15a-5p MIMAT0000526	2	11	12	13	13	0	0	0	1	0	19	4	17	19	15
mmu-miR-7021-5p MIMAT0027946	1	1	0	0	0	0	0	2	0	2	0	0	0	0	0
mmu-miR-92a-1-5p MIMAT0017066	2	0	2	2	1	0	0	0	0	0	6	0	1	2	5
mmu-miR-1191b-3p MIMAT0029867	1	0	1	0	0	0	0	0	0	0	0	0	2	0	0
mmu-miR-7689-3p MIMAT0029909	12	5	12	9	17	3	1	14	2	2	18	5	9	12	13
mmu-miR-3544-3p MIMAT0022354	0	0	1	0	0	1	2	0	2	0	1	0	0	4	3
mmu-miR-1843b-5p MIMAT0019345	107	64	58	47	57	41	50	115	77	69	98	81	76	73	81
mmu-miR-30a-3p MIMAT0000129	1276	1149	838	644	659	718	906	1275	981	870	1466	1170	1099	1278	1205
mmu-miR-222-3p MIMAT0000670	20	27	29	23	35	9	14	13	7	8	49	19	43	35	49
mmu-miR-3102-5p.2-5p MIMAT0014934	1	0	3	0	4	1	0	1	0	2	1	0	0	0	2
mmu-miR-6934-5p MIMAT0027768	0	1	0	0	0	0	0	0	1	0	0	0	0	0	0
mmu-miR-467a-3p MIMAT0002108	0	0	2	0	0	0	0	0	0	0	1	0	0	0	2
mmu-miR-6953-3p MIMAT0027807	0	0	0	0	0	1	1	0	0	0	0	1	0	0	0
mmu-miR-3081-5p MIMAT0014870	0	0	0	0	0	0	0	0	0	0	0	0	0	1	0
mmu-miR-652-5p MIMAT0017260	0	1	0	0	0	0	0	0	0	0	2	0	0	1	5
mmu-miR-467d-3p MIMAT0004887	0	1	5	1	1	1	1	0	0	1	3	0	2	0	7
mmu-miR-144-3p MIMAT0000156	16	37	32	51	49	0	0	0	0	1	111	7	24	38	33
mmu-miR-7679-5p MIMAT0029872	0	0	0	0	0	0	0	0	0	0	1	0	0	0	0
mmu-miR-34c-3p MIMAT0004580	3	1	1	3	2	0	1	0	3	0	1	1	3	0	2
mmu-miR-770-5p MIMAT0004822	1	2	3	0	1	1	1	0	1	6	6	2	3	3	3
mmu-miR-3058-5p MIMAT0014813	0	0	1	1	4	0	0	0	0	0	2	0	3	4	4
mmu-miR-146a-3p MIMAT0016989	0	0	0	0	0	0	0	0	0	0	0	0	2	0	0
mmu-miR-667-5p MIMAT0017239	4	3	5	0	1	4	2	3	1	1	9	7	3	5	3
mmu-miR-7669-5p MIMAT0029844	0	0	0	0	1	0	0	0	0	0	0	0	0	0	0
mmu-miR-126b-3p MIMAT0029895	0	0	0	0	0	0	0	0	0	0	0	0	0	0	0
mmu-miR-181a-2-3p MIMAT0005443	147	122	86	66	92	65	58	110	86	86	157	113	104	96	104
mmu-miR-6990-5p MIMAT0027882	1	2	0	0	0	0	0	0	0	0	0	0	0	0	0
mmu-miR-1199-3p MIMAT0017333	0	0	0	0	0	0	0	0	0	0	0	0	0	0	0
mmu-miR-877-5p MIMAT0004861	1	0	0	0	0	1	1	1	0	0	1	0	0	0	0
mmu-miR-221-3p MIMAT0000669	112	159	140	131	157	13	14	51	21	8	266	116	272	193	226
mmu-miR-664-5p MIMAT0017353	4	1	1	0	1	3	6	1	6	6	2	1	0	2	1
mmu-miR-494-5p MIMAT0017215	0	1	0	1	0	1	0	0	0	0	1	1	1	3	0
mmu-miR-708-5p MIMAT0004828	33	105	90	71	82	3	3	20	6	4	196	35	135	151	265
mmu-miR-744-3p MIMAT0004820	0	2	3	2	9	0	0	0	1	0	0	0	1	1	1
mmu-miR-495-5p MIMAT0017249	0	1	1	1	0	0	0	0	1	0	4	2	1	0	1
mmu-miR-191-5p MIMAT0000221	3035	3822	3201	2415	2595	818	981	2030	1034	1088	4549	2363	4000	4383	5086
mmu-miR-181d-5p MIMAT0004324	228	265	200	172	222	84	81	187	180	79	353	198	284	297	325
mmu-miR-450a-2-3p MIMAT0004789	4	4	2	2	8	0	0	1	0	1	3	2	3	4	4
mmu-miR-700-3p MIMAT0003490	0	0	0	0	0	0	0	0	0	0	0	0	0	0	0
mmu-miR-1306-5p MIMAT0019136	4	1	3	4	1	2	3	3	3	0	4	2	5	6	6
mmu-miR-203-3p MIMAT0000236	59	73	64	39	51	9	24	68	21	11	113	83	80	53	208
mmu-miR-125b-5p MIMAT0000136	4437	8203	7147	6078	7164	1275	1752	3638	1979	1998	13250	3987	11164	11195	13786
mmu-miR-8118 MIMAT0031424	1	1	0	0	0	0	0	0	0	0	0	0	0	0	1
mmu-miR-324-3p MIMAT0000556	1	0	0	2	1	0	0	0	0	0	0	0	3	0	0
mmu-miR-540-3p MIMAT0003167	196	225	178	99	144	92	101	256	127	118	369	136	322	266	236
mmu-miR-1938 MIMAT0009402	0	1	0	0	0	0	1	0	4	2	0	1	0	0	0
mmu-miR-204-5p MIMAT0000237	134	171	151	109	120	86	138	171	125	137	193	102	186	212	239
mmu-miR-6963-3p MIMAT0027827	0	0	0	0	0	0	2	0	0	0	0	0	0	0	0
mmu-miR-654-3p MIMAT0004898	0	0	0	1	0	0	0	0	0	0	0	0	0	0	0
mmu-miR-3091-3p MIMAT0014904	0	0	0	1	0	0	0	0	0	0	0	0	0	0	0
mmu-miR-7673-5p MIMAT0029852	0	0	0	0	0	0	0	0	0	0	0	0	0	0	1
mmu-miR-669o-5p MIMAT0009421	0	1	2	2	2	0	0	0	1	0	1	2	0	1	8
mmu-miR-8105 MIMAT0031409	1	0	0	0	0	0	0	0	0	0	0	0	0	0	0
mmu-miR-669p-3p MIMAT0014890	0	0	0	0	0	0	0	0	0	0	0	0	0	0	0
mmu-miR-1969 MIMAT0009442	1	1	4	1	0	3	1	4	2	2	0	3	1	2	2
mmu-miR-1970b-5p MIMAT0049843	4	0	2	5	1	1	0	2	0	0	0	3	0	2	2
mmu-miR-26a-1-3p MIMAT0017020	0	0	0	1	0	0	1	1	0	0	2	1	1	0	0
mmu-miR-486a-3p MIMAT0017206	7	5	6	8	6	11	8	9	6	14	8	8	4	6	2
mmu-miR-7115-5p MIMAT0028127	0	0	0	0	0	0	0	0	0	1	0	0	0	0	0
mmu-miR-7236-5p MIMAT0028440	0	0	0	0	0	0	0	0	0	0	0	0	0	0	0
mmu-miR-9769-3p MIMAT0036462	0	2	1	0	2	0	0	0	0	0	0	2	0	2	1
mmu-miR-7079-3p MIMAT0028065	2	1	0	0	0	0	1	0	2	0	2	2	1	0	0
mmu-miR-34c-5p MIMAT0000381	28	39	39	44	70	0	1	11	6	2	91	16	60	44	68
mmu-miR-300-3p MIMAT0000378	2633	2785	2207	1717	3301	464	442	2705	1526	1693	4397	1649	3849	3493	3854
mmu-miR-3097-3p MIMAT0014916	0	0	0	0	1	0	0	0	0	0	0	1	0	0	0
mmu-miR-101c MIMAT0019349	0	0	1	3	1	0	0	0	0	0	4	0	3	0	1
mmu-miR-12191-3p MIMAT0049851	0	1	1	0	0	0	0	0	0	0	1	1	0	0	1
mmu-miR-6900-3p MIMAT0027701	0	1	0	0	0	0	2	0	2	0	0	0	0	0	0
mmu-miR-28a-5p MIMAT0000653	114	178	151	126	205	67	56	131	86	76	267	107	205	255	288
mmu-miR-7672-3p MIMAT0029851	0	0	0	0	0	1	0	0	0	0	0	0	0	0	0
mmu-miR-5134-3p MIMAT0022989	0	0	0	0	0	0	0	0	0	0	0	0	0	0	0
mmu-miR-7082-3p MIMAT0028071	0	0	0	0	0	2	0	0	0	0	0	0	0	0	0
mmu-miR-15b-5p MIMAT0000124	23	64	36	44	58	4	3	6	3	4	61	22	58	56	125
mmu-miR-10b-3p MIMAT0004538	4	16	10	6	9	0	0	2	0	0	9	2	8	8	13
mmu-miR-700-5p MIMAT0017256	2	2	1	4	8	4	0	0	4	2	5	1	4	5	6
mmu-miR-31-5p MIMAT0000538	0	0	0	0	1	0	0	0	0	0	5	0	2	0	2
mmu-miR-218-5p MIMAT0000663	81	80	58	75	122	22	39	78	75	32	181	97	141	125	209
mmu-miR-339-5p MIMAT0000584	63	142	98	94	131	2	4	28	8	8	207	44	160	199	173
mmu-miR-130b-5p MIMAT0004583	13	6	8	5	6	10	6	11	18	10	9	9	14	7	10
mmu-miR-299a-3p MIMAT0004577	581	942	913	639	832	91	41	326	171	153	1539	373	1414	1303	1202
mmu-miR-671-3p MIMAT0004821	26	10	16	7	11	30	21	30	24	42	20	21	11	14	18
mmu-miR-299b-5p MIMAT0022836	2	9	7	0	8	0	1	3	0	0	9	2	5	14	7
mmu-miR-25-3p MIMAT0000652	1077	1101	801	674	934	382	463	790	473	463	1344	800	1141	1135	1739
mmu-miR-22-3p MIMAT0000531	1122	1510	1480	1791	1936	166	182	483	339	224	2453	788	1975	1977	1362
mmu-miR-200c-3p MIMAT0000657	6	4	2	2	7	1	5	11	2	2	3	4	3	7	28
mmu-miR-212-3p MIMAT0000659	1	2	4	3	2	0	0	0	2	0	0	0	1	0	0
mmu-miR-378d MIMAT0025167	11446	7450	6105	5138	5844	2537	2014	6598	2537	2962	9245	7537	8258	7366	7936
mmu-miR-1949 MIMAT0009416	2	0	0	11	2	2	0	1	0	4	0	0	1	4	0
mmu-miR-1981-3p MIMAT0017351	3	3	0	1	4	2	1	4	4	4	4	1	4	2	2
mmu-miR-1193-5p MIMAT0017329	0	0	3	0	0	2	0	5	1	1	3	1	0	1	1
mmu-miR-29c-3p MIMAT0000536	7	12	15	12	15	0	0	1	0	0	26	3	31	34	22
mmu-miR-188-5p MIMAT0000217	6	10	5	3	10	3	0	2	0	0	13	9	11	9	11
mmu-miR-182-5p MIMAT0000211	21	17	14	8	12	16	35	29	49	48	19	22	46	9	115
mmu-miR-490-3p MIMAT0003780	0	0	0	0	0	0	0	0	0	0	0	0	1	1	0
mmu-miR-365-3p MIMAT0000711	50	111	130	82	153	15	14	25	7	14	177	71	197	159	246
mmu-miR-382-3p MIMAT0004691	0	0	1	0	0	0	0	0	0	0	1	0	0	0	0
mmu-miR-195a-3p MIMAT0017000	29	19	21	6	26	31	27	29	29	15	45	28	20	28	26
mmu-miR-8116 MIMAT0031422	0	0	0	0	0	0	0	1	2	0	0	0	0	0	0
mmu-miR-25-5p MIMAT0017049	1	1	0	2	1	0	0	1	0	1	0	1	0	0	0
mmu-miR-337-5p MIMAT0004644	2627	3012	2670	2016	2510	1075	1075	3075	1192	1361	4327	2507	3716	3499	3208
mmu-miR-101a-3p MIMAT0000133	794	1124	1085	841	534	80	59	292	201	131	1985	533	1385	1199	1596
mmu-miR-145b MIMAT0025105	0	0	0	0	0	0	0	0	0	0	0	0	0	0	0
mmu-miR-125b-1-3p MIMAT0004669	0	0	0	2	0	0	1	1	1	0	2	1	1	1	3
mmu-miR-331-5p MIMAT0004643	4	0	1	0	3	2	0	0	0	0	2	1	0	1	1
mmu-miR-671-5p MIMAT0003731	2	6	6	2	5	2	0	0	5	4	10	3	8	12	8
mmu-miR-3062-5p MIMAT0014830	0	0	0	0	0	0	0	0	0	0	0	0	0	0	0
mmu-miR-92a-3p MIMAT0000539	8	11	5	5	9	1	1	6	3	8	8	3	9	10	15
mmu-miR-6972-3p MIMAT0027847	0	0	0	0	0	0	2	0	0	0	0	0	0	0	0
mmu-miR-668-3p MIMAT0003732	0	0	0	1	0	0	1	1	0	1	4	5	6	1	3
mmu-miR-381-5p MIMAT0017081	12	23	29	16	23	0	0	2	0	3	38	10	39	43	32
mmu-let-7e-5p MIMAT0000524	561	481	414	404	555	326	438	440	429	443	839	489	615	596	737
mmu-miR-190a-5p MIMAT0000220	7	7	3	6	2	0	0	1	1	2	16	0	7	8	10
mmu-miR-146a-5p MIMAT0000158	1403	1213	920	916	820	353	312	644	404	326	1678	1129	1088	1038	2035
mmu-miR-1b-3p MIMAT0017326	0	0	0	0	1	0	0	0	0	0	1	0	0	0	0
mmu-miR-3071-5p MIMAT0014850	0	0	1	0	0	0	0	0	0	0	0	0	0	1	0
mmu-miR-410-3p MIMAT0001091	86	127	114	126	115	34	12	57	36	16	246	53	191	155	136
mmu-miR-130a-3p MIMAT0000141	0	0	1	0	1	0	0	0	0	0	3	0	0	0	0
mmu-miR-6418-3p MIMAT0025174	0	0	0	0	2	1	0	0	0	0	0	0	0	2	0
mmu-miR-340-5p MIMAT0004651	389	621	553	515	369	28	26	151	70	76	1032	366	844	710	1033
mmu-miR-324-5p MIMAT0000555	17	19	14	6	21	0	2	5	0	1	14	8	32	20	20
mmu-miR-3077-3p MIMAT0014863	0	1	0	0	0	0	0	0	0	1	2	0	0	0	0
mmu-miR-212-5p MIMAT0017053	18	10	14	9	8	3	10	8	8	6	17	16	6	18	8
mmu-miR-99a-5p MIMAT0000131	13817	9753	8222	9665	12368	7977	9112	16542	15954	9229	20048	13764	17229	11932	16687
mmu-miR-221-5p MIMAT0017060	11	13	6	5	10	3	6	4	3	3	18	14	13	12	11
mmu-miR-421-3p MIMAT0004869	12	20	9	13	19	2	0	20	4	2	20	8	27	23	27
mmu-miR-486b-5p MIMAT0014943_>mmu-miR-486a-5p MIMAT0003130	9306	7484	6172	4507	6902	5009	5788	6733	5777	5708	13318	9458	8868	7903	9859
mmu-miR-3068-5p MIMAT0014842	41	43	30	25	48	1	1	15	8	12	76	19	39	51	57
mmu-miR-669b-5p MIMAT0003476	0	1	1	1	1	0	0	0	0	0	2	0	0	0	1
mmu-miR-6944-3p MIMAT0027789	6	6	7	4	9	7	9	7	13	17	5	4	3	4	8
mmu-miR-7687-3p MIMAT0029903	0	0	0	0	0	0	0	0	0	0	0	0	0	0	0
mmu-miR-138-2-3p MIMAT0016987	0	0	0	0	0	0	0	0	0	0	1	0	0	0	0
mmu-miR-215-5p MIMAT0000904	0	0	0	0	0	0	0	0	1	0	0	0	0	0	1
mmu-miR-6412 MIMAT0025165	0	0	1	0	0	1	2	7	1	1	0	6	1	1	1
mmu-miR-135a-5p MIMAT0000147	0	1	1	2	7	0	0	1	1	0	6	1	18	9	10
mmu-miR-26a-5p MIMAT0000533	47438	46031	36825	35545	38774	12473	14012	34174	18900	17058	62203	35900	60140	52312	58368
mmu-miR-6941-3p MIMAT0027783	0	0	0	0	0	0	0	0	0	0	0	0	0	0	0
mmu-miR-298-3p MIMAT0017007	0	2	0	2	1	0	1	2	1	0	3	1	0	0	1
mmu-miR-28a-3p MIMAT0004661	6	4	5	3	2	8	7	5	12	4	6	7	7	8	7
mmu-miR-429-3p MIMAT0001537	0	0	0	0	0	0	0	1	0	0	0	0	0	0	1
mmu-let-7b-3p MIMAT0004621	16	20	19	27	27	9	22	17	11	15	35	14	43	33	35
mmu-miR-211-5p MIMAT0000668	0	3	0	0	0	1	0	0	1	0	1	0	0	0	8
mmu-miR-466i-3p MIMAT0005834	1	1	0	1	0	0	1	0	0	0	0	0	0	0	1
mmu-miR-329-3p MIMAT0000567	501	639	510	397	608	171	174	497	183	226	894	542	846	825	831
mmu-miR-6929-5p MIMAT0027758	0	0	0	0	0	0	2	0	0	0	0	1	0	0	0
mmu-miR-7236-3p MIMAT0028441	0	0	0	0	0	0	1	0	0	0	0	1	0	0	1
mmu-miR-451a MIMAT0001632	316	222	103	204	363	34	69	160	51	42	314	106	119	115	268
mmu-miR-122b-5p MIMAT0049852	1	0	0	0	2	0	0	1	2	0	2	0	0	0	1
mmu-miR-677-3p MIMAT0017246	1	0	0	0	2	0	0	2	3	1	1	0	1	0	0
mmu-miR-7073-5p MIMAT0028052	0	1	0	0	0	3	0	0	0	0	0	0	1	0	0
mmu-miR-377-3p MIMAT0000741	1	0	1	0	0	0	0	0	0	0	0	0	0	0	0
mmu-miR-665-5p MIMAT0017238	0	1	0	0	0	0	0	1	0	0	1	0	0	0	0
mmu-miR-3058-3p MIMAT0014814	0	1	0	0	0	0	0	0	0	0	0	0	0	0	0
mmu-miR-223-5p MIMAT0017056	6	6	6	3	4	6	6	3	21	1	13	12	8	5	10
mmu-miR-434-5p MIMAT0001421	22560	12817	9337	7331	12656	18846	15300	35313	24140	27848	20928	19721	12508	11990	12602
mmu-miR-5620-5p MIMAT0022367	0	0	1	0	0	0	0	0	0	0	0	0	0	0	0
mmu-miR-668-5p MIMAT0017237	0	0	0	0	1	1	0	0	0	2	0	1	0	0	0
mmu-miR-187-5p MIMAT0016997	0	0	1	1	0	0	0	0	0	0	0	0	2	0	0
mmu-miR-7005-3p MIMAT0027915	0	0	0	0	0	0	0	0	0	0	1	0	0	0	0
mmu-miR-7091-3p MIMAT0028089	2	0	0	0	0	0	0	0	0	2	0	0	0	1	2
mmu-miR-582-5p MIMAT0005291	0	0	2	0	0	0	0	0	0	0	0	0	0	3	3
mmu-miR-7211-5p MIMAT0028390	0	0	0	0	0	0	0	0	0	0	0	0	0	0	0
mmu-miR-34b-3p MIMAT0004581	3	8	1	4	6	2	2	3	1	1	6	2	6	5	6
mmu-miR-653-3p MIMAT0017284	0	0	2	0	0	0	0	0	0	0	1	0	0	0	1
mmu-miR-122-5p MIMAT0000246	12	34	2	5	58	8	11	61	11	71	0	1	1	0	7
mmu-miR-125b-2-3p MIMAT0004529	62	88	53	61	80	11	14	40	28	13	144	55	160	90	144
mmu-miR-135b-5p MIMAT0000612	5	6	3	3	2	1	2	1	0	1	5	3	1	13	10
mmu-miR-1936 MIMAT0009400	1	0	0	0	0	0	0	0	0	4	1	0	0	0	0
mmu-miR-338-3p MIMAT0000582	24	35	18	27	47	4	6	18	7	11	41	14	55	43	99
mmu-miR-1198-3p MIMAT0017332	0	0	0	0	0	0	0	0	0	0	2	0	1	0	0
mmu-miR-335-3p MIMAT0004704	288	226	195	200	151	99	75	161	76	73	377	274	240	258	256
mmu-miR-3470b MIMAT0015641	0	0	0	0	0	0	0	2	0	0	0	0	0	0	0
mmu-miR-1946a MIMAT0009412	0	0	0	0	0	0	0	1	0	1	0	0	0	0	0
mmu-miR-6923-5p MIMAT0027746	0	0	0	0	0	1	0	0	0	0	0	0	0	0	0
mmu-miR-29b-2-5p MIMAT0017063	5	9	10	7	7	1	0	1	0	0	10	2	6	4	3
mmu-miR-504-5p MIMAT0004889	58	37	21	25	21	56	27	63	53	85	48	41	41	35	21
mmu-miR-151-5p MIMAT0004536	67	55	46	50	73	9	14	32	14	12	60	38	71	73	66
mmu-miR-6994-5p MIMAT0027890	0	0	0	0	0	0	0	0	0	0	0	0	0	1	0
mmu-miR-133b-3p MIMAT0000769	1626	2212	1840	1894	3989	105	124	498	179	163	3406	936	3036	3266	2870
mmu-miR-1843a-3p MIMAT0014806	0	0	0	0	0	0	0	0	0	1	0	0	1	0	0
mmu-miR-3473b MIMAT0020367	2	1	0	0	1	3	2	0	2	1	0	1	0	1	0
mmu-miR-376c-5p MIMAT0005295	0	1	3	3	5	0	0	2	1	0	6	1	10	11	3
mmu-miR-493-3p MIMAT0004888	192	137	98	81	148	126	111	293	174	182	199	137	156	156	178
mmu-miR-223-3p MIMAT0000665	0	0	0	0	1	0	0	0	0	0	0	1	2	5	3
mmu-miR-219a-5p MIMAT0000664	0	4	1	0	1	0	0	0	0	0	1	0	1	1	0
mmu-miR-467d-5p MIMAT0004886	0	3	0	1	1	0	0	0	0	0	5	3	2	2	4
mmu-miR-5709-5p MIMAT0022504	0	0	2	3	0	0	0	0	0	0	0	1	1	0	0
mmu-miR-1a-3p MIMAT0000123	1940266	1588660	1535314	1165308	427745	318371	276071	745520	538860	405807	2002165	1554359	2013794	1731654	1725602
mmu-miR-3110-5p MIMAT0014951	0	0	1	0	0	0	0	0	0	0	1	0	0	0	0
mmu-miR-19a-3p MIMAT0000651	4	39	34	30	13	1	0	4	0	0	56	7	16	37	29
mmu-miR-325-3p MIMAT0004640	0	0	1	0	0	1	0	0	0	0	0	0	1	0	0
mmu-miR-3086-5p MIMAT0014880	0	0	0	0	0	0	0	0	1	0	0	0	0	0	0
mmu-miR-6976-5p MIMAT0027854	0	0	0	0	0	0	0	0	0	0	0	0	0	0	1
mmu-miR-34b-5p MIMAT0000382	5	7	5	3	3	0	0	1	0	0	3	4	4	0	1
mmu-miR-29b-1-5p MIMAT0004523	0	2	2	2	2	0	0	0	0	0	3	0	1	3	1
mmu-miR-126a-3p MIMAT0000138	71591	92445	66150	62610	80949	22310	20023	52400	25620	24241	106602	54143	81443	77118	79523
mmu-miR-2137 MIMAT0011213	1	2	0	3	1	0	2	1	0	0	0	0	0	0	1
mmu-miR-664-3p MIMAT0012774	4	4	0	1	4	3	0	3	0	0	4	5	10	10	4
mmu-miR-7085-3p MIMAT0028077	1	1	0	0	0	0	0	0	0	0	1	0	0	0	0
mmu-miR-380-3p MIMAT0000745	59	87	80	86	99	19	9	62	44	29	205	53	158	197	115
mmu-miR-7091-5p MIMAT0028088	4	1	1	2	1	0	5	5	2	7	4	3	0	0	2
mmu-miR-467c-3p MIMAT0017275	0	1	0	0	0	0	0	0	0	0	0	0	0	0	0
mmu-miR-376a-5p MIMAT0003387	37	176	116	135	190	6	10	29	5	9	288	25	191	216	212
mmu-let-7d-5p MIMAT0000383	3577	4275	3875	3036	3203	2050	3306	3934	3238	2949	5929	3332	4970	4809	6024
mmu-miR-675-5p MIMAT0003725	3	7	0	0	7	0	0	0	0	0	2	1	6	9	6
mmu-miR-6991-3p MIMAT0027885	0	0	0	0	0	0	0	0	0	0	0	0	0	0	0
mmu-miR-3061-3p MIMAT0014829	5	1	3	0	1	1	0	4	0	2	8	1	2	3	1
mmu-miR-669a-3p MIMAT0017243_>mmu-miR-669o-3p MIMAT0017347	3	1	2	2	3	0	1	0	0	0	6	3	1	3	9
mmu-miR-672-5p MIMAT0003735	0	3	5	1	4	1	6	2	3	2	3	1	0	5	8
mmu-miR-1943-5p MIMAT0009408	9	6	4	3	4	10	7	6	7	10	7	4	4	6	5
mmu-miR-6994-3p MIMAT0027891	1	1	0	0	0	0	0	1	2	1	0	0	1	0	0
mmu-miR-22-5p MIMAT0004629	369	504	487	495	541	65	87	272	102	95	737	315	574	576	358
mmu-miR-5623-5p MIMAT0022373	0	1	0	0	0	0	0	0	0	0	0	0	0	0	0
mmu-miR-802-5p MIMAT0004188	0	0	1	0	0	0	0	0	0	0	0	0	0	0	0
mmu-miR-10a-3p MIMAT0004659	20	23	21	22	16	1	2	12	6	2	35	17	29	31	33
mmu-miR-666-5p MIMAT0003737	391	246	140	104	214	695	527	704	781	948	304	399	185	163	250
mmu-miR-669c-5p MIMAT0003479	7	1	4	4	13	3	4	3	1	1	7	1	6	7	15
mmu-miR-1946b MIMAT0009443	0	0	0	0	0	0	0	0	0	0	0	0	0	0	1
mmu-miR-6997-3p MIMAT0027897	0	0	0	0	0	0	0	0	0	0	0	0	0	0	0
mmu-miR-7057-3p MIMAT0028019	0	0	0	0	0	0	0	0	0	0	0	3	0	0	0
mmu-miR-1193-3p MIMAT0005851	38	94	78	80	62	9	5	45	8	17	162	45	156	150	124
mmu-miR-539-3p MIMAT0017208	3	11	12	3	9	0	0	1	0	0	16	1	8	15	3
mmu-miR-323-3p MIMAT0000551	3	0	1	0	0	2	2	0	1	1	1	3	1	0	0
mmu-miR-326-3p MIMAT0000559	10	9	6	4	12	0	2	1	0	4	9	3	20	7	8
mmu-miR-431-3p MIMAT0004753	0	0	0	0	0	0	0	0	0	0	0	0	2	0	0
mmu-miR-126b-5p MIMAT0029894	0	0	0	0	0	0	0	0	0	0	1	0	0	0	0
mmu-miR-146b-5p MIMAT0003475	991	775	594	485	582	264	281	579	440	329	1283	731	941	658	1463
mmu-miR-132-3p MIMAT0000144	5	9	4	2	8	2	0	2	2	0	7	7	14	8	11
mmu-miR-1955-5p MIMAT0009426	3	2	0	0	0	0	0	0	0	0	2	1	1	1	0
mmu-miR-351-3p MIMAT0017042	2	1	4	1	1	3	1	4	4	2	3	5	4	3	5
mmu-miR-3470a MIMAT0015640	0	0	0	0	0	0	0	0	0	0	0	0	0	0	0
mmu-miR-1964-3p MIMAT0009437	24	9	11	5	7	34	21	31	26	32	16	12	7	17	6
mmu-miR-181b-1-3p MIMAT0017067	2	0	1	5	0	0	1	0	0	0	6	0	8	3	5
mmu-miR-1958 MIMAT0009431	1	0	0	0	0	0	0	0	0	0	0	0	1	0	0
mmu-miR-148a-5p MIMAT0004617	54	37	22	29	43	2	12	45	34	25	80	40	37	29	65
mmu-miR-335-5p MIMAT0000766	943	1504	1257	1080	475	77	42	287	159	143	1741	673	1312	2067	1597
mmu-miR-29a-3p MIMAT0000535	201	651	544	522	587	20	22	146	32	37	980	222	839	943	1064
mmu-miR-425-5p MIMAT0004750	21	46	53	44	67	3	2	16	6	3	68	22	44	49	77
mmu-miR-129-1-3p MIMAT0016994	0	0	0	0	0	0	0	1	0	0	0	0	0	0	0
mmu-miR-677-5p MIMAT0003451	0	0	0	1	4	0	0	0	0	0	0	0	1	0	0
mmu-miR-148b-3p MIMAT0000580	549	420	299	286	421	171	137	356	310	237	588	422	637	441	598
mmu-miR-6988-3p MIMAT0027879	1	2	0	1	0	2	1	1	2	3	1	0	0	0	1
mmu-miR-384-5p MIMAT0004745	1	0	1	1	3	0	3	0	0	0	0	0	2	1	2
mmu-miR-297b-5p MIMAT0003480	0	0	1	0	2	0	0	0	0	0	0	0	1	0	1
mmu-miR-6240 MIMAT0024861	3	2	1	10	6	0	0	0	6	0	0	1	1	1	0
mmu-let-7c-5p MIMAT0000523	10486	9385	7951	7585	8476	5647	7623	8649	9837	7129	13736	9063	10945	9669	16018
mmu-let-7f-5p MIMAT0000525	27395	21787	20012	19750	11509	17801	22904	26717	37819	22374	33134	25119	28943	21542	35312
mmu-miR-297c-5p MIMAT0004865	0	0	0	0	0	0	0	0	0	0	0	0	0	0	1
mmu-miR-434-3p MIMAT0001422	12069	13724	12529	8506	12109	4507	4523	13221	7478	6833	21167	12641	18923	17181	16823
mmu-miR-19b-3p MIMAT0000513	54	153	165	131	48	1	0	9	5	5	216	49	121	206	256
mmu-miR-669p-5p MIMAT0014889_>mmu-miR-669a-5p MIMAT0003477	5	2	1	7	4	2	3	4	2	1	6	5	5	3	16
mmu-miR-216a-5p MIMAT0000662	0	0	0	0	0	0	0	0	0	0	1	0	0	0	0
mmu-miR-6907-3p MIMAT0027715	0	0	0	0	0	0	0	0	0	0	0	0	0	0	0
mmu-miR-874-5p MIMAT0017268	0	0	0	0	0	0	0	1	0	0	0	0	0	0	0
mmu-miR-1843b-3p MIMAT0019346	0	0	1	0	0	0	0	0	0	0	0	0	0	0	0
mmu-miR-1668 MIMAT0031414	0	0	0	0	0	0	0	0	2	1	0	0	0	0	0
mmu-let-7g-3p MIMAT0004519	1	0	0	0	0	0	0	0	0	0	0	0	0	1	1
mmu-miR-374b-5p MIMAT0003727	162	216	154	136	181	11	18	59	28	23	304	90	232	236	386
mmu-miR-423-5p MIMAT0004825	93	53	52	47	62	70	64	52	57	110	85	69	78	98	118
mmu-miR-127-5p MIMAT0004530	52	48	51	34	55	6	0	27	14	11	97	22	76	72	65
mmu-miR-7211-3p MIMAT0028391	0	0	1	1	0	0	0	0	0	0	0	0	0	0	1
mmu-miR-3070-3p MIMAT0014847	0	0	0	1	0	0	0	0	0	0	0	0	0	0	0
mmu-miR-466m-5p MIMAT0014882_>mmu-miR-669m-5p MIMAT0017346	0	1	0	0	0	0	0	0	0	0	0	0	0	0	0
mmu-miR-376b-3p MIMAT0001092	0	0	0	0	1	0	0	0	0	0	0	0	0	0	1
mmu-miR-199b-5p MIMAT0000672	318	262	212	290	433	8	14	60	17	15	660	182	470	322	472
mmu-miR-7658-3p MIMAT0029823	0	0	0	0	0	0	0	0	0	0	0	0	0	0	0
mmu-let-7f-2-3p MIMAT0017017	0	0	0	1	1	0	0	0	0	0	0	0	1	0	0
mmu-let-7c-2-3p MIMAT0005439_>mmu-let-7a-1-3p MIMAT0004620	186	305	290	265	172	25	36	120	66	63	457	144	428	463	338
mmu-miR-196b-3p MIMAT0017170	0	1	1	0	0	0	0	0	0	0	0	0	5	1	1
mmu-miR-138-1-3p MIMAT0004668	0	0	0	0	0	0	0	0	0	1	1	0	1	0	0
mmu-miR-379-3p MIMAT0017080	151	205	186	111	161	25	42	130	57	68	361	130	346	353	382
mmu-miR-26a-2-3p MIMAT0017058	16	11	18	15	11	4	3	7	7	9	24	11	22	18	21
mmu-miR-154-3p MIMAT0004537	1	3	9	10	7	0	0	0	0	0	16	2	19	22	9
mmu-miR-34a-5p MIMAT0000542	7	9	8	11	22	0	0	1	1	0	27	3	13	21	27
mmu-miR-412-5p MIMAT0017173	144	111	107	76	107	93	84	172	103	136	174	145	157	127	147
mmu-miR-3076-3p MIMAT0014861	0	0	0	0	0	0	0	0	0	0	2	0	0	0	0
mmu-miR-7662-3p MIMAT0029831	0	1	0	0	0	0	0	0	0	0	0	0	1	0	0
mmu-miR-6929-3p MIMAT0027759	0	1	0	1	0	0	1	1	1	1	0	0	0	0	1
mmu-miR-6899-3p MIMAT0027699	1	0	0	0	0	0	1	0	0	0	0	2	1	2	0
mmu-miR-135b-3p MIMAT0017044	0	0	1	0	0	0	0	0	0	0	0	0	0	0	0
mmu-miR-365-2-5p MIMAT0017179	3	0	0	0	3	3	0	4	3	1	3	1	0	4	3
mmu-miR-130b-3p MIMAT0000387	0	0	0	0	1	0	0	0	0	0	0	0	0	0	0
mmu-miR-106b-3p MIMAT0004582	169	103	91	65	114	98	75	139	113	123	161	135	144	113	156
mmu-miR-547-3p MIMAT0003173	0	0	0	0	0	0	0	2	0	0	0	0	0	0	0
mmu-let-7d-3p MIMAT0000384	257	438	430	371	341	377	448	567	432	454	632	369	695	621	352
mmu-miR-344-3p MIMAT0000593	0	0	0	0	1	0	0	0	0	0	1	1	1	0	0
mmu-miR-300-5p MIMAT0004578	3	0	5	3	4	0	0	1	0	0	8	0	13	10	8
mmu-miR-33-5p MIMAT0000667	0	1	3	1	0	0	0	0	0	1	4	2	5	0	3
mmu-miR-760-3p MIMAT0003898	0	0	0	0	0	0	0	0	1	0	0	0	0	0	0
mmu-let-7g-5p MIMAT0000121	22527	18696	16944	14782	11367	5790	7009	14461	9024	6853	26985	21664	26569	18836	28043
mmu-miR-675-3p MIMAT0003726	0	1	1	1	0	0	0	0	0	0	2	0	0	2	0
mmu-miR-1a-2-5p MIMAT0017047	1	0	0	1	2	0	0	0	0	0	4	0	3	3	0
mmu-miR-666-3p MIMAT0004823	3	0	1	2	4	6	0	4	6	3	3	6	2	2	3
mmu-miR-1930-5p MIMAT0009393	0	0	0	0	0	0	0	0	0	1	0	0	0	0	0
mmu-miR-7653-5p MIMAT0029812	0	0	0	0	0	0	0	0	2	2	0	0	0	0	0
mmu-miR-7a-2-3p MIMAT0017070	0	0	0	0	0	0	0	1	0	0	0	0	0	0	0
mmu-miR-6964-5p MIMAT0027828	0	0	0	0	0	0	0	0	1	0	0	0	0	0	0
mmu-miR-3968 MIMAT0019352	0	0	0	0	2	3	0	0	1	0	0	0	0	0	0
mmu-miR-21a-3p MIMAT0004628	0	0	0	0	0	0	0	0	0	0	1	1	0	1	1
mmu-miR-467b-3p MIMAT0003478	0	0	0	0	0	0	0	0	0	0	0	0	0	0	0
mmu-miR-452-3p MIMAT0017194	1	0	0	0	0	0	0	0	0	0	0	0	0	0	0
mmu-miR-1a-1-5p MIMAT0016979	7	9	9	8	34	0	0	2	0	1	15	5	23	41	11
mmu-miR-7069-3p MIMAT0028045	0	0	0	0	0	0	0	0	0	0	0	0	1	0	0
mmu-miR-541-5p MIMAT0003170	8412	6040	4937	3333	4202	6563	7317	10589	8177	9790	7882	7203	7080	6340	7386
mmu-miR-214-3p MIMAT0000661	0	0	2	1	0	1	0	0	0	0	3	1	0	2	0
mmu-miR-574-5p MIMAT0004893	9	13	14	23	21	2	8	6	6	7	24	8	20	24	29
mmu-miR-1933-5p MIMAT0009396	0	0	1	0	0	0	0	0	0	0	0	0	0	0	0
mmu-miR-341-3p MIMAT0000588	222	304	257	249	420	17	20	189	109	105	513	141	372	275	298
mmu-miR-9-3p MIMAT0000143	0	1	0	5	1	0	0	0	0	0	1	0	1	2	10
mmu-miR-501-5p MIMAT0003508	6	7	8	7	4	0	0	1	0	0	6	3	9	5	8
mmu-miR-219c-5p MIMAT0029892	1	0	0	0	0	0	0	0	0	0	0	0	0	0	0
mmu-miR-154-5p MIMAT0000164	34	37	33	24	64	2	6	11	4	6	45	17	45	50	40
mmu-miR-205-5p MIMAT0000238	0	1	0	0	0	0	0	0	0	0	0	0	1	0	0
mmu-miR-6955-5p MIMAT0027810	0	0	0	0	3	0	0	0	1	0	0	0	0	0	0
mmu-miR-192-5p MIMAT0000517	188	161	153	103	153	39	38	117	94	87	278	170	223	167	264
mmu-miR-6896-5p MIMAT0027692	0	0	0	0	0	0	0	1	0	0	0	0	1	0	0
mmu-miR-881-3p MIMAT0004846	0	0	0	0	0	0	0	0	0	0	0	0	1	0	0
mmu-miR-219a-1-3p MIMAT0017055	3	2	2	3	7	0	0	0	2	2	2	1	0	2	1
mmu-miR-136-3p MIMAT0004532	25	72	57	66	52	2	2	17	5	1	140	22	96	92	83
mmu-miR-96-5p MIMAT0000541	1	3	3	0	7	0	1	1	0	0	2	0	7	0	4
mmu-miR-181b-5p MIMAT0000673	715	918	686	739	740	199	174	490	326	228	1382	648	1035	969	1231
mmu-miR-743b-3p MIMAT0004840	0	0	0	0	0	0	0	0	0	0	0	0	0	0	0
mmu-miR-1194 MIMAT0005852	0	0	0	0	3	0	0	0	0	0	1	0	1	1	4
mmu-miR-7665-5p MIMAT0029836	0	0	0	0	0	0	0	0	0	0	0	0	0	0	0
mmu-miR-500-5p MIMAT0017258	0	0	1	0	1	1	0	0	0	0	0	0	0	2	3
mmu-miR-146b-3p MIMAT0004826	1	3	1	0	2	0	0	3	0	0	3	1	1	2	6
mmu-miR-204-3p MIMAT0017002	0	0	0	0	0	0	0	0	0	1	1	0	0	0	1
mmu-miR-24-3p MIMAT0000219	5759	10056	7311	5983	9052	2114	2595	5389	3054	3092	13761	5040	10227	9945	11151
mmu-miR-501-3p MIMAT0003509	283	224	219	159	183	229	226	351	282	236	384	289	291	327	362
mmu-miR-483-5p MIMAT0004782	169	93	72	46	99	155	179	151	138	208	126	90	87	101	121
mmu-miR-1247-5p MIMAT0014800	0	3	1	1	0	0	1	0	0	0	1	4	2	2	0
mmu-miR-6715-5p MIMAT0029876	0	0	0	0	0	0	0	0	0	0	0	0	0	2	0
mmu-miR-9-5p MIMAT0000142	27	12	19	11	28	2	5	21	6	2	25	17	41	23	57
mmu-miR-431-5p MIMAT0001418	18	27	13	17	16	16	15	33	13	32	25	12	14	20	22
mmu-miR-93-5p MIMAT0000540	243	442	287	257	348	13	25	92	31	21	540	124	457	471	594
mmu-miR-201-3p MIMAT0017001	0	0	1	0	0	0	0	0	0	0	0	0	0	0	0
mmu-miR-6938-3p MIMAT0027777	0	0	0	0	0	0	0	0	0	0	0	0	1	0	0
mmu-miR-384-3p MIMAT0001076	0	1	1	1	0	0	0	0	0	0	3	0	1	1	1
mmu-miR-29c-5p MIMAT0004632	22	20	8	15	19	4	3	12	2	5	19	12	16	15	16
mmu-miR-495-3p MIMAT0003456	220	221	184	181	201	130	144	205	130	157	369	201	277	279	198
mmu-miR-328-5p MIMAT0017030	0	0	2	0	0	0	0	0	1	0	0	0	1	1	0
mmu-miR-12189-3p MIMAT0049848	0	0	0	0	0	0	0	0	0	0	0	0	1	1	0
mmu-miR-30b-3p MIMAT0004524	52	20	13	12	27	19	40	34	20	32	42	34	37	27	42
mmu-let-7c-1-3p MIMAT0004622	1	0	3	1	4	1	10	5	4	3	6	6	10	11	8
mmu-miR-5129-3p MIMAT0022987	0	0	0	2	2	0	1	1	0	0	3	0	1	0	1
mmu-miR-6932-5p MIMAT0027764	0	0	0	0	0	0	0	0	0	0	0	0	0	0	0
mmu-miR-361-3p MIMAT0017075	200	150	134	81	156	97	88	160	101	89	223	168	174	168	201
mmu-miR-6944-5p MIMAT0027788	0	0	0	0	1	0	0	0	0	0	0	0	0	0	0
mmu-miR-1934-3p MIMAT0017341	0	0	0	0	0	0	1	0	0	0	0	0	0	0	0
mmu-miR-30c-2-3p MIMAT0005438	321	207	138	130	175	99	116	159	112	127	213	262	227	178	211
mmu-miR-217-5p MIMAT0000679	1	0	1	0	1	0	0	1	0	0	1	0	2	1	1
mmu-miR-7680-3p MIMAT0029875	0	0	0	0	0	0	2	0	0	0	0	0	1	0	0
mmu-miR-465a-5p MIMAT0002106	0	0	0	0	0	0	0	0	0	0	0	0	0	0	1
mmu-miR-7674-3p MIMAT0029857	0	0	0	0	0	0	0	0	0	0	0	0	0	0	1
mmu-miR-151-3p MIMAT0000161	743	434	310	232	391	1488	1281	900	1161	920	637	651	421	454	453
mmu-miR-1247-3p MIMAT0014801	1	0	0	0	0	0	0	0	1	0	0	0	0	0	2
mmu-miR-30b-5p MIMAT0000130	16	25	19	13	36	3	1	10	11	6	35	8	28	42	35
mmu-miR-200b-3p MIMAT0000233	2	1	0	3	5	0	1	3	1	0	1	0	2	2	10
mmu-miR-136-5p MIMAT0000148	1101	1660	1420	1465	1679	81	73	670	427	219	3625	934	1543	1561	1692
mmu-miR-6392-5p MIMAT0025141	0	0	0	0	0	0	0	0	0	0	0	1	0	0	0
mmu-miR-7677-3p MIMAT0029869	0	0	0	0	0	0	0	0	0	0	0	0	0	0	0
mmu-miR-106a-5p MIMAT0000385	0	4	3	6	5	1	1	0	1	2	5	0	8	0	11
mmu-miR-497a-5p MIMAT0003453	2	0	1	2	3	0	0	0	0	0	4	0	2	2	6
mmu-miR-3572-3p MIMAT0020636	0	0	0	0	0	1	0	0	0	0	0	0	0	0	0
mmu-miR-690 MIMAT0003469	5	11	5	11	9	6	3	10	5	13	7	5	5	2	1
mmu-miR-16-5p MIMAT0000527	440	981	711	732	857	46	46	173	90	40	1318	362	973	1092	1571
mmu-miR-1943-3p MIMAT0017342	0	0	0	0	0	0	0	0	0	0	0	0	0	0	0
mmu-miR-3065-3p MIMAT0014837	0	0	0	0	0	0	0	0	0	0	0	0	0	0	2
mmu-miR-7676-3p MIMAT0029861	0	0	0	0	0	0	0	0	0	0	1	0	0	0	0
mmu-miR-874-3p MIMAT0004853	0	0	0	1	0	0	0	0	0	0	3	2	0	0	3
mmu-miR-33-3p MIMAT0004666	0	0	0	1	0	0	0	0	0	0	0	0	1	0	1
mmu-let-7e-3p MIMAT0017016	7	15	11	8	14	1	0	1	1	1	13	7	12	18	17
mmu-miR-1291 MIMAT0031397	7	7	4	15	14	1	2	1	1	2	8	2	10	11	12
mmu-miR-1188-3p MIMAT0017328	1	1	0	0	0	0	1	0	0	0	0	0	0	0	0
mmu-miR-103-2-5p MIMAT0017025	0	0	0	0	0	0	0	0	0	0	0	0	0	1	1
mmu-miR-23b-5p MIMAT0016980	6	4	1	6	3	6	6	3	6	3	1	3	5	6	5
mmu-miR-3079-5p MIMAT0014866	0	0	0	0	0	0	0	0	0	0	1	0	0	0	1
mmu-miR-186-5p MIMAT0000215	269	503	370	405	511	57	33	165	69	72	730	179	650	663	630
mmu-miR-5129-5p MIMAT0020640	0	0	0	1	0	0	0	0	0	0	0	0	0	0	0
mmu-miR-150-5p MIMAT0000160	5	2	3	0	6	0	1	1	0	0	3	3	1	3	13
mmu-miR-679-5p MIMAT0003455	1	1	2	0	3	0	0	0	0	0	0	3	0	0	0
mmu-miR-1963 MIMAT0009436	4	1	2	0	0	1	0	1	2	0	4	5	3	1	3
mmu-miR-210-3p MIMAT0000658	8	25	27	27	43	3	0	6	4	2	72	7	50	25	50
mmu-miR-465b-5p MIMAT0004871	0	1	0	0	0	0	0	0	0	0	0	0	0	0	0
mmu-miR-6928-3p MIMAT0027757	0	0	0	0	0	0	0	0	0	0	0	0	0	0	1
mmu-miR-5616-3p MIMAT0022360	0	0	0	0	0	0	0	0	0	0	0	0	1	0	0
mmu-miR-26b-3p MIMAT0004630	5	9	5	5	9	0	0	1	1	3	6	1	14	14	5
mmu-miR-6902-3p MIMAT0027705	0	0	0	0	0	0	0	0	0	0	0	0	1	0	0
mmu-miR-3070-2-3p MIMAT0014849	1	0	0	0	0	0	1	1	1	0	0	0	1	0	0
mmu-miR-6958-3p MIMAT0027817	1	2	0	1	1	4	5	4	2	2	2	0	3	0	2
mmu-miR-16-2-3p MIMAT0017018	0	0	0	2	1	0	0	0	0	0	4	0	1	3	4
mmu-miR-3095-3p MIMAT0014912	2	0	0	0	1	1	2	0	0	1	0	1	1	0	7
mmu-miR-381-3p MIMAT0000746	2296	876	643	757	1246	756	595	3255	4021	1858	1785	1588	1477	1171	1340
mmu-miR-301a-3p MIMAT0000379	0	2	3	1	2	0	0	0	1	0	4	0	4	3	3
mmu-miR-376b-5p MIMAT0003388	311	334	266	281	367	50	85	229	118	89	486	215	389	448	396
mmu-let-7i-5p MIMAT0000122	28237	15799	12640	11473	13184	11458	12609	24105	23186	14960	24176	26349	19846	15514	23498
mmu-miR-574-3p MIMAT0004894	1	0	0	0	0	0	2	2	0	0	0	0	0	1	1
mmu-miR-127-3p MIMAT0000139	75534	53696	44319	31560	53349	38996	25348	76249	46050	54339	77098	56651	70513	59700	63835
mmu-let-7a-5p MIMAT0000521	7111	7587	7191	7041	5568	5398	7237	8058	10923	7306	11243	6989	9814	8150	12222
mmu-miR-410-5p MIMAT0017172	0	0	2	1	0	1	2	1	0	0	1	0	0	1	0
mmu-miR-199a-5p MIMAT0000229	2026	5205	4207	4415	7000	188	165	1099	451	283	10189	1328	8146	6683	8756
mmu-miR-143-5p MIMAT0017006	82	211	188	150	277	9	3	24	14	9	347	46	320	250	320
mmu-miR-7075-3p MIMAT0028057	0	0	0	0	0	0	0	0	0	0	0	0	0	0	0
mmu-miR-7688-5p MIMAT0029906	3	1	2	1	4	10	7	19	4	12	4	5	5	2	0
mmu-miR-450b-5p MIMAT0003511	13	15	13	10	7	4	0	2	2	1	25	16	20	20	29
mmu-miR-138-5p MIMAT0000150	5	13	15	7	29	0	1	4	1	1	39	3	33	13	59
mmu-miR-7029-5p MIMAT0027962	0	0	0	0	0	0	0	0	0	0	0	0	0	0	0
mmu-miR-708-3p MIMAT0003498	124	46	46	35	61	88	67	116	122	104	76	70	56	64	76
mmu-miR-224-5p MIMAT0000671	4	9	4	2	1	6	7	13	5	5	6	3	9	4	10
mmu-miR-29b-3p MIMAT0000127	4	11	7	10	9	2	0	1	0	0	12	1	12	17	12
mmu-miR-3082-3p MIMAT0014873	0	1	0	0	0	0	0	0	0	0	0	0	0	0	1
mmu-miR-107-3p MIMAT0000647	238	314	213	204	195	33	32	109	25	35	351	158	410	306	462
mmu-miR-702-3p MIMAT0003492	0	0	0	0	0	0	0	0	0	0	0	0	1	0	0
mmu-miR-184-3p MIMAT0000213	3	2	2	1	1	3	2	2	11	4	2	2	0	1	1
mmu-miR-339-3p MIMAT0004649	7	17	16	13	16	1	3	7	7	9	22	13	25	16	29
mmu-miR-741-3p MIMAT0004236	0	1	0	0	0	0	0	0	0	0	0	0	0	0	0
mmu-miR-6922-5p MIMAT0027744	0	0	0	0	0	0	0	0	0	1	0	0	1	0	0
mmu-miR-5621-5p MIMAT0022369	0	0	0	1	0	0	0	0	0	0	0	0	0	0	0
mmu-miR-6911-3p MIMAT0027723	2	1	1	1	2	0	1	0	0	1	1	0	0	2	0
mmu-miR-24-1-5p MIMAT0000218	30	37	14	28	33	14	1	25	12	15	54	20	32	28	48
mmu-miR-706 MIMAT0003496	0	0	0	0	0	0	0	0	0	0	0	0	0	0	0
mmu-miR-7667-5p MIMAT0029840	0	0	0	0	0	0	0	1	0	0	0	1	0	2	0
mmu-miR-592-5p MIMAT0003730	5	7	9	9	4	1	0	0	0	1	13	8	7	13	5
mmu-miR-23a-3p MIMAT0000532	12	17	20	14	28	7	4	11	4	2	30	18	32	27	24
mmu-miR-7675-5p MIMAT0029858	0	0	0	0	0	0	0	0	0	1	0	0	0	0	0
mmu-miR-6940-3p MIMAT0027781	0	0	0	0	0	0	0	1	0	0	1	0	0	0	0
mmu-miR-1933-3p MIMAT0009397	0	0	2	0	6	0	3	5	1	3	6	1	2	1	0
mmu-miR-3100-5p MIMAT0014919	2	0	2	1	0	0	0	5	1	2	3	0	1	3	1
mmu-miR-6945-3p MIMAT0027791	0	0	0	0	0	1	2	0	0	2	0	0	1	0	0
mmu-miR-351-5p MIMAT0000609	1687	1294	1068	643	1079	600	652	1378	923	1230	1810	1284	1833	1427	1751
mmu-miR-615-5p MIMAT0004837	0	0	0	0	0	0	0	1	1	0	0	0	0	0	1
mmu-miR-7652-5p MIMAT0029810	0	0	0	0	0	0	0	0	0	0	0	2	0	0	0
mmu-miR-7024-5p MIMAT0027952	0	1	0	0	0	0	0	0	0	0	1	0	0	0	0
mmu-miR-139-5p MIMAT0000656	3	6	4	1	3	3	1	6	2	1	4	9	5	1	1
mmu-miR-362-3p MIMAT0004684	24	48	37	35	40	1	1	4	2	0	79	19	71	55	62
mmu-miR-5128 MIMAT0020639	0	0	0	0	0	0	4	0	0	0	0	0	0	0	0
mmu-miR-298-5p MIMAT0000376	122	110	89	58	91	81	61	113	67	113	124	70	100	125	128
mmu-miR-380-5p MIMAT0000744	439	657	495	342	433	127	93	333	215	205	933	401	671	660	866
mmu-miR-193b-3p MIMAT0004859	12	23	12	8	40	0	2	1	3	0	28	8	30	11	58
mmu-miR-7661-3p MIMAT0029829	0	0	0	0	0	0	0	0	0	0	0	2	0	0	0
mmu-miR-142a-3p MIMAT0000155	31	84	52	57	88	0	4	11	2	4	157	13	66	67	730
mmu-miR-3473h-5p MIMAT0049861	0	0	0	0	0	0	0	1	1	0	0	0	0	0	0
mmu-miR-491-3p MIMAT0017255	0	0	1	0	0	0	0	0	0	0	0	0	0	0	0
mmu-miR-1954 MIMAT0009425	0	0	0	0	0	0	0	0	0	1	2	0	1	1	0
mmu-miR-540-5p MIMAT0004786	3	9	11	6	8	0	0	1	0	0	11	3	3	16	7
mmu-miR-7041-5p MIMAT0027986	0	0	0	0	0	0	0	1	0	0	0	0	0	0	0
mmu-miR-7661-5p MIMAT0029828	0	0	1	0	1	0	0	0	0	0	0	0	0	0	0
mmu-miR-615-3p MIMAT0003783	105	106	84	86	92	172	196	243	170	248	185	111	118	137	98
mmu-miR-486b-3p MIMAT0014944	3	4	5	2	5	8	6	8	3	9	3	4	3	3	1
mmu-miR-191-3p MIMAT0004542	5	4	7	4	2	5	3	4	4	2	12	1	4	6	1
mmu-miR-27a-5p MIMAT0004633	95	58	32	40	64	100	59	75	101	108	83	105	85	81	61
mmu-miR-344d-3p MIMAT0014808	0	0	0	0	0	0	1	2	0	0	0	0	0	0	0
mmu-miR-500-3p MIMAT0003507	36	40	42	21	46	5	1	13	6	12	65	18	40	66	64
mmu-miR-7213-5p MIMAT0028394	0	1	0	0	0	0	0	1	0	1	0	1	0	0	0
mmu-miR-466n-3p MIMAT0014894	0	0	1	0	0	0	0	0	0	0	0	0	0	0	0
mmu-miR-301b-5p MIMAT0017232	1	0	0	0	0	0	0	0	0	0	0	2	0	0	1
mmu-miR-133a-5p MIMAT0003473	59	218	202	115	106	2	0	22	3	8	250	57	222	251	267
mmu-miR-3154 MIMAT0035714	0	0	0	0	0	0	0	0	0	0	1	0	0	0	0
mmu-miR-497b MIMAT0031404	0	0	0	0	1	0	0	0	0	0	0	1	1	0	0
mmu-miR-301b-3p MIMAT0004186	0	1	0	0	1	0	0	0	0	0	0	0	0	0	0
mmu-miR-18a-5p MIMAT0000528	2	11	3	10	12	0	0	2	1	0	7	2	7	14	14
mmu-miR-196a-1-3p MIMAT0017013	0	0	0	0	0	0	0	0	0	0	0	0	0	0	0
mmu-miR-141-3p MIMAT0000153	0	0	0	0	2	0	0	0	0	0	0	0	1	0	1
mmu-miR-100-5p MIMAT0000655	4958	5154	4013	4155	5066	2215	2105	3942	2794	2194	7635	5022	6531	5574	7285
mmu-miR-208b-3p MIMAT0004939	4	9	3	5	9	0	0	0	1	0	18	1	6	15	12
mmu-miR-582-3p MIMAT0005292	8	4	5	0	0	1	0	1	0	2	3	1	2	3	2
mmu-miR-3095-5p MIMAT0014911	0	0	0	2	1	0	0	0	0	0	0	0	0	0	1
mmu-miR-7014-5p MIMAT0027932	0	0	0	0	0	0	0	0	0	0	0	0	0	0	1
mmu-miR-208a-3p MIMAT0000520	0	0	1	0	1	0	0	0	0	1	0	0	1	1	0
mmu-miR-466m-3p MIMAT0014883	0	0	0	0	0	0	0	0	0	0	0	0	0	0	1
mmu-miR-3084-5p MIMAT0014876	0	0	0	0	1	1	1	0	1	0	1	0	0	0	2
mmu-miR-1983 MIMAT0009455	17	29	16	17	24	9	2	23	6	8	35	19	29	37	27
mmu-miR-194-5p MIMAT0000224	4	14	18	21	9	0	0	1	3	1	16	5	14	19	20
mmu-miR-6399 MIMAT0025151	0	0	0	0	0	0	0	1	0	0	0	0	0	0	0
mmu-miR-6951-5p MIMAT0027802	0	0	0	0	0	0	0	0	0	0	0	0	1	0	1
mmu-miR-672-3p MIMAT0017241	0	0	0	0	0	0	0	0	0	0	0	0	0	1	1
mmu-miR-467e-5p MIMAT0005293	5	3	3	3	4	3	1	2	0	0	8	1	7	6	19
mmu-miR-20a-3p MIMAT0004627	0	2	0	0	1	0	0	0	0	0	0	0	1	1	1
mmu-miR-206-3p MIMAT0000239	39268	30517	21063	17795	26611	50822	67830	52550	77938	63121	41887	37037	30246	28418	52866
mmu-miR-450b-3p MIMAT0003512	32	66	72	68	24	11	21	36	13	17	129	41	98	126	74
mmu-miR-6950-3p MIMAT0027801	0	0	0	0	0	2	0	0	0	0	1	0	0	0	0
mmu-miR-6966-3p MIMAT0027835	0	1	2	0	1	3	2	3	2	3	0	2	0	0	0
mmu-miR-1843a-5p MIMAT0014805	94	62	54	40	69	32	38	73	29	34	100	64	83	58	88
mmu-miR-669l-5p MIMAT0009418	1	1	1	0	1	0	0	0	0	0	1	0	0	0	5
mmu-miR-5621-3p MIMAT0022370	2	1	1	2	1	0	0	0	1	0	2	1	0	2	2
mmu-miR-544-3p MIMAT0004941	2	3	3	0	2	0	0	0	0	0	7	0	3	5	3
mmu-miR-543-3p MIMAT0003168	161	115	118	113	104	233	225	328	307	243	227	212	170	185	141
mmu-miR-12185-3p MIMAT0049838	0	0	2	0	0	0	0	0	0	0	0	0	2	0	0
mmu-miR-376c-3p MIMAT0003183	43	47	32	33	26	3	2	23	13	3	70	36	42	74	47
mmu-miR-488-3p MIMAT0003450	3	0	1	6	3	1	0	3	3	1	7	4	5	5	5
mmu-miR-1198-5p MIMAT0005859	82	55	37	28	61	172	180	110	154	108	83	73	69	68	81
mmu-miR-20b-5p MIMAT0003187	4	8	13	3	5	1	0	1	3	1	12	5	10	8	36
mmu-miR-201-5p MIMAT0000234	0	0	0	0	0	0	0	0	0	0	0	0	0	0	0
mmu-miR-6946-3p MIMAT0027793	0	0	2	0	0	0	0	0	0	0	0	0	0	0	0
mmu-miR-378a-3p MIMAT0003151	71385	70190	54686	38818	49577	14955	11734	38060	21993	20882	92664	52948	67228	62012	73649
mmu-miR-12206-5p MIMAT0049880	0	0	0	0	1	0	0	0	0	0	0	0	0	0	0
mmu-miR-199b-3p MIMAT0004667_>mmu-miR-199a-3p MIMAT0000230	139	148	102	133	92	22	17	93	31	14	253	113	244	160	235
mmu-miR-511-5p MIMAT0004940	0	0	1	0	0	0	0	0	0	0	0	1	0	0	0
mmu-miR-128-3p MIMAT0000140	31	19	31	18	11	66	65	65	69	45	43	24	32	35	27
mmu-miR-137-3p MIMAT0000149	0	0	0	0	0	0	0	0	0	0	0	0	0	0	2
mmu-miR-466p-3p MIMAT0014892_>mmu-miR-466b-3p MIMAT0004876_>mmu-miR-466c-3p MIMAT0004878	1	1	2	0	0	0	0	0	0	0	1	0	1	0	2
mmu-miR-10a-5p MIMAT0000648	4782	3854	2996	2729	3151	2196	1562	3695	2119	2176	4566	4379	4567	4204	4439
mmu-miR-532-5p MIMAT0002889	352	300	218	213	265	91	60	221	172	111	421	272	311	261	405
mmu-miR-196a-5p MIMAT0000518	657	835	648	528	507	195	355	498	499	259	1222	653	952	799	1430
mmu-miR-30c-5p MIMAT0000514	7501	9421	7816	6034	6878	1387	917	5474	2232	2033	13479	6913	10246	10364	10280
mmu-miR-879-5p MIMAT0004842	0	0	1	0	1	0	0	0	0	0	0	2	0	0	1
mmu-miR-148a-3p MIMAT0000516	34186	12932	9635	11599	13227	16005	12959	25155	39224	18514	22807	26309	18462	13219	20929
mmu-miR-6984-5p MIMAT0027870	0	0	0	0	0	0	0	0	0	0	0	0	0	0	0
mmu-miR-5099 MIMAT0020606	0	0	0	0	0	0	0	0	0	0	1	0	0	0	0
mmu-miR-345-5p MIMAT0000595	6	4	4	7	12	1	0	2	0	0	4	5	8	11	9
mmu-miR-494-3p MIMAT0003182	19	38	48	25	21	7	0	18	13	9	100	22	48	52	60
mmu-miR-1934-5p MIMAT0009398	1	2	0	0	1	2	0	0	3	2	1	0	0	2	3
mmu-miR-679-3p MIMAT0017248	2	4	3	3	4	0	0	8	0	4	3	4	5	5	2
mmu-miR-150-3p MIMAT0004535	0	0	2	0	1	1	3	2	0	0	2	0	0	3	7
mmu-miR-330-3p MIMAT0000569	6	4	5	0	1	2	0	6	2	5	5	4	3	5	3
mmu-miR-6946-5p MIMAT0027792	0	0	0	0	0	0	0	0	0	1	0	0	0	0	0
mmu-miR-219a-2-3p MIMAT0022841	0	0	0	1	0	0	0	0	0	0	4	0	0	0	0
mmu-miR-181a-1-3p MIMAT0000660	24	42	31	22	48	5	5	12	9	9	58	16	42	43	57
mmu-miR-1249-5p MIMAT0014804	0	0	0	0	1	0	0	0	0	0	0	0	0	0	0
mmu-miR-185-5p MIMAT0000214	1163	877	647	516	480	913	699	1364	942	1340	1278	1096	973	935	1182
mmu-miR-224-3p MIMAT0017062	0	0	0	0	0	0	0	0	0	0	0	0	0	0	0
mmu-miR-132-5p MIMAT0016984	1	1	1	2	2	4	1	5	2	0	14	2	1	6	6
mmu-miR-365-1-5p MIMAT0017077	0	0	2	0	0	1	1	3	1	0	1	4	2	0	1
mmu-miR-7685-3p MIMAT0029897	1	0	0	0	0	0	0	0	1	0	0	0	0	0	0
mmu-miR-181c-3p MIMAT0017068	11	30	18	14	20	3	4	3	2	3	27	5	27	18	21
mmu-miR-218-1-3p MIMAT0004665	1	0	0	0	0	0	0	0	0	0	1	0	0	0	0
mmu-miR-128-1-5p MIMAT0016982	2	0	0	1	0	0	0	0	0	1	0	3	1	0	0
mmu-miR-362-5p MIMAT0000706	34	74	75	44	56	0	0	8	0	2	91	24	83	80	99
mmu-miR-674-5p MIMAT0003740	17	14	14	10	11	3	7	9	6	11	34	17	20	18	24
mmu-miR-466b-5p MIMAT0004875_>mmu-miR-466o-5p MIMAT0014885	0	0	2	0	0	0	0	0	0	0	2	0	1	2	2
mmu-miR-350-3p MIMAT0000605	8	7	7	10	13	2	1	1	0	0	12	13	15	13	11
mmu-miR-200a-5p MIMAT0004619	0	0	0	0	0	0	2	0	1	0	0	0	0	0	0
mmu-miR-409-5p MIMAT0004746	623	828	656	481	630	134	119	449	133	158	1091	560	1178	978	934
mmu-miR-92b-3p MIMAT0004899	4	2	4	0	1	0	3	1	0	2	0	1	4	0	4
mmu-miR-466d-3p MIMAT0004931	0	0	1	0	5	0	1	0	0	0	2	0	1	1	3
mmu-miR-100-3p MIMAT0017051	0	1	1	0	6	0	0	0	0	0	3	0	2	1	1
mmu-miR-449c-5p MIMAT0003460	0	0	0	0	0	0	0	0	0	0	1	0	0	0	0
mmu-miR-485-3p MIMAT0003129	1	0	0	1	1	0	2	5	3	0	1	2	6	3	2
mmu-miR-143-3p MIMAT0000247	34685	36929	25690	25571	43564	14853	12649	27490	19627	19621	58909	41449	49497	41663	43880
mmu-miR-3074-5p MIMAT0014856	1	0	1	3	2	3	1	4	0	1	5	0	6	1	7
mmu-miR-7687-5p MIMAT0029902	0	0	0	0	0	3	1	0	0	0	0	0	0	0	0
mmu-miR-3074-1-3p MIMAT0014857	0	1	2	0	1	0	0	0	0	0	1	0	0	0	0
mmu-miR-302d-3p MIMAT0003377	0	0	0	0	0	0	0	0	0	0	0	0	0	0	0
mmu-miR-665-3p MIMAT0003733	2	2	4	2	3	0	0	1	1	0	5	2	3	0	6
mmu-miR-5126 MIMAT0020637	0	0	0	1	1	0	0	0	1	0	0	0	0	0	0
mmu-miR-378c MIMAT0025138	12442	15353	12904	8430	8480	1574	1076	5590	2873	2549	20285	9884	15434	13452	16217
mmu-miR-455-5p MIMAT0003485	8	16	9	13	10	1	0	5	1	1	16	6	12	5	7
mmu-miR-7651-5p MIMAT0029804	0	1	0	0	0	0	0	0	0	0	0	0	0	0	1
mmu-miR-467e-3p MIMAT0005294	0	0	0	0	0	0	0	0	0	0	0	0	0	0	1
mmu-miR-3101-5p MIMAT0014921	0	0	0	0	0	0	0	0	0	0	0	0	0	0	0
mmu-miR-1966-3p MIMAT0022952	0	0	0	0	0	2	0	0	1	0	0	0	0	0	0
mmu-miR-7061-5p MIMAT0028026	0	0	0	0	0	0	0	0	0	0	0	0	0	1	0
mmu-miR-6921-3p MIMAT0027743	0	0	0	0	0	0	0	0	0	0	0	0	0	0	0
mmu-miR-485-5p MIMAT0003128	225	194	138	121	173	371	388	367	305	409	275	183	196	224	182
mmu-let-7b-5p MIMAT0000522	3140	2916	2286	2060	2984	1347	1933	1883	1824	1540	3784	2389	3044	3227	4031
mmu-miR-1231-3p MIMAT0022358	0	0	0	0	0	0	0	2	0	0	0	0	0	0	0
mmu-miR-7061-3p MIMAT0028027	0	0	0	0	1	0	0	0	0	0	0	0	0	0	0
mmu-let-7a-2-3p MIMAT0017015	0	1	0	0	0	0	0	0	0	0	0	0	0	0	0
mmu-miR-674-3p MIMAT0003741	0	4	2	0	2	8	7	4	5	1	4	2	1	0	0
mmu-miR-7685-5p MIMAT0029896	0	0	0	0	0	0	2	0	0	0	2	0	0	2	0
mmu-miR-491-5p MIMAT0003486	0	0	0	0	0	0	0	1	1	0	2	0	0	1	3
mmu-let-7i-3p MIMAT0004520	10	26	18	11	31	1	2	5	7	3	33	7	25	33	31
mmu-miR-6912-5p MIMAT0027724	0	0	0	0	0	0	0	0	0	0	0	0	0	0	0
mmu-miR-133a-3p MIMAT0000145	1428	2046	1697	1758	3759	98	107	466	179	155	3241	848	2806	3017	2694
mmu-miR-467h MIMAT0005855	0	1	1	0	0	0	0	0	0	0	1	0	0	2	0
mmu-miR-193a-3p MIMAT0000223	0	1	5	0	1	0	0	0	0	0	0	0	3	0	0
mmu-miR-6966-5p MIMAT0027834	0	0	0	0	0	0	0	0	0	0	0	1	0	0	0
mmu-miR-503-3p MIMAT0004790	69	91	50	49	68	51	60	87	71	68	101	65	81	91	92