	LN	LN	LN	LN	LN	NL	NL	NL	NL	NL	NN	NN	NN	NN	NN
 ENSMUSG00000064791	77	89	81	65	113	63	57	102	43	76	90	33	80	74	74
 ENSMUSG00000064792	6	2	2	15	17	5	0	5	1	5	4	2	3	2	2
 ENSMUSG00000064671	2	1	0	2	1	2	0	1	0	1	0	2	1	0	0
 ENSMUSG00000065883	3	9	7	28	14	2	9	8	5	7	5	4	5	5	9
 ENSMUSG00000064672	0	0	0	0	0	0	0	1	0	0	0	0	1	0	0
 ENSMUSG00000065640	373	1017	825	664	718	118	123	308	68	175	1377	338	806	1042	1194
 ENSMUSG00000077745	0	0	1	0	0	0	0	1	0	0	0	0	0	1	0
 ENSMUSG00000087793	0	0	0	0	0	0	0	0	0	0	0	1	0	0	0
 ENSMUSG00000094382_> ENSMUSG00000094251	102	69	50	113	158	146	172	203	163	279	85	106	92	83	95
 ENSMUSG00000087790	16758	17773	12717	10669	19648	15613	16193	27719	10441	16908	25063	12882	13222	15700	19622
 ENSMUSG00000077625	162	463	304	305	618	52	62	154	69	99	574	123	376	623	523
 ENSMUSG00000077505	16	19	9	13	18	8	4	17	7	14	15	5	7	12	17
 ENSMUSG00000077506	99	91	79	63	88	32	40	60	32	46	119	57	84	76	100
 ENSMUSG00000089617	186	155	115	173	234	245	262	283	224	348	144	145	214	123	189
 ENSMUSG00000088524	316155	147224	103912	89286	158518	466735	401757	501498	288362	458586	201477	228583	129728	127890	180530
 ENSMUSG00000094099_> ENSMUSG00000094093	0	0	0	0	0	0	0	2	0	0	0	0	0	0	0
 ENSMUSG00000065642	2	11	4	11	14	5	6	11	2	4	10	4	5	5	5
 ENSMUSG00000096263	166	243	204	268	257	132	150	237	146	243	252	110	241	215	238
 ENSMUSG00000065884	0	0	0	0	3	0	0	1	0	3	0	0	0	0	0
 ENSMUSG00000064797	13471	13338	9463	7543	15547	7025	5636	17720	7659	12175	17863	8680	12061	11696	17630
 ENSMUSG00000064558	3	1	1	5	3	5	6	3	3	7	0	2	0	4	1
 ENSMUSG00000064437	180	246	229	160	265	141	207	231	379	378	207	252	261	203	325
 ENSMUSG00000065649	10	16	11	51	34	23	37	44	35	16	12	7	14	19	17
 ENSMUSG00000077519	0	0	0	0	0	0	0	0	0	0	0	0	0	0	0
 ENSMUSG00000106147	1521	1060	726	2084	3390	5058	4906	5559	4820	7381	1210	1520	1177	1121	856
 ENSMUSG00000096019	8	2	5	4	9	4	6	3	10	9	5	9	10	4	2
 ENSMUSG00000064440	120685	97293	73630	56308	110272	54890	51864	99380	50187	73750	135137	83130	92923	85225	150235
 ENSMUSG00000064441	56	110	90	64	136	24	22	65	50	56	141	55	126	183	173
 ENSMUSG00000064563	73	86	59	75	101	60	63	63	49	82	82	51	89	76	100
 ENSMUSG00000064442	0	0	0	1	1	0	0	2	0	2	0	0	0	0	0
 ENSMUSG00000088510	0	0	0	0	0	0	0	1	0	0	0	0	0	1	0
 ENSMUSG00000077756	6100	7932	5547	4872	8963	4461	4061	9107	3444	5581	12323	4796	6206	7284	8987
 ENSMUSG00000077515	36440	28117	21193	18608	24437	28986	27968	48268	20090	31822	37354	27656	22950	24511	28485
 ENSMUSG00000077758	0	0	1	0	0	0	0	1	0	0	0	0	0	1	0
 ENSMUSG00000077637	0	0	0	1	0	0	0	0	1	0	0	0	0	0	0
 ENSMUSG00000077759	0	1	1	0	0	0	0	1	0	0	0	0	0	1	0
 ENSMUSG00000088518	3	3	1	2	2	0	2	1	0	2	0	1	0	2	1
 ENSMUSG00000088634	0	0	0	0	0	1	0	0	0	0	0	0	0	0	0
 ENSMUSG00000088877	0	0	0	0	0	0	0	0	0	0	0	0	0	0	0
 ENSMUSG00000077630	0	0	0	0	0	0	0	1	0	0	0	0	0	1	0
 ENSMUSG00000088996	0	1	1	0	0	0	0	1	0	0	0	1	0	3	2
 ENSMUSG00000094038_> ENSMUSG00000095418_> ENSMUSG00000096799	0	0	0	0	0	0	0	2	0	0	1	0	0	0	0
 ENSMUSG00000065653	0	0	1	0	1	0	0	0	2	1	1	0	0	0	0
 ENSMUSG00000064567	1	0	0	0	0	0	0	0	0	0	0	0	0	0	0
 ENSMUSG00000094034_> ENSMUSG00000095425	0	0	0	0	0	0	0	2	0	0	0	0	0	0	0
 ENSMUSG00000096496	0	0	0	0	0	0	0	2	0	0	0	0	0	0	0
 ENSMUSG00000065778	11	10	7	39	36	26	21	35	48	68	12	11	14	17	4
 ENSMUSG00000065899	43	50	49	49	68	4	22	11	10	17	59	9	75	75	52
 ENSMUSG00000094508_> ENSMUSG00000093994	0	0	0	0	0	0	0	2	0	0	0	0	0	0	0
 ENSMUSG00000064570	0	0	0	0	0	0	0	0	0	1	0	0	0	2	0
 ENSMUSG00000065782	994	736	608	627	883	574	642	1008	1775	1612	799	951	1220	828	1313
 ENSMUSG00000064692	0	0	0	0	1	0	1	0	1	0	0	0	0	0	0
 ENSMUSG00000064450	509	619	441	411	644	255	241	526	302	404	772	370	570	595	751
 ENSMUSG00000064451	0	1	0	18	6	1	1	6	2	9	3	0	1	3	2
 ENSMUSG00000064452	98	87	70	57	91	56	49	128	32	90	115	63	100	77	120
 ENSMUSG00000064573	1	0	0	0	0	0	1	0	0	0	0	0	0	1	0
 ENSMUSG00000064453	453	421	331	263	350	279	330	452	288	419	507	291	376	348	518
 ENSMUSG00000088784	0	0	0	1	0	0	0	0	0	0	0	0	0	0	0
 ENSMUSG00000077403	199	216	168	488	360	221	256	359	368	527	247	135	215	207	142
 ENSMUSG00000088420	0	3	3	2	5	2	2	1	2	0	1	0	2	1	0
 ENSMUSG00000093874_> ENSMUSG00000065663	5	2	5	6	3	8	14	4	8	5	4	6	3	6	3
 ENSMUSG00000077527	3906	6914	5588	4073	6346	1868	2489	4423	1855	2736	8751	3078	6554	6984	9097
 ENSMUSG00000077648	1	0	1	0	1	1	0	5	0	1	0	0	4	0	0
 ENSMUSG00000077528	0	0	0	0	0	0	0	0	0	0	0	0	0	0	0
 ENSMUSG00000088308	2	1	0	1	5	0	2	1	1	4	0	0	0	0	1
 ENSMUSG00000089517	0	0	2	2	0	0	0	0	0	0	0	0	0	0	0
 ENSMUSG00000096048_> ENSMUSG00000094917_> ENSMUSG00000096324	0	0	0	0	0	0	0	2	0	0	0	0	0	0	0
 ENSMUSG00000089514	0	0	0	0	0	0	0	0	0	0	0	0	0	0	0
 ENSMUSG00000077640	0	0	0	0	0	0	0	1	0	0	0	0	0	1	0
 ENSMUSG00000089512	9	60	38	44	87	4	14	5	5	6	63	17	64	57	74
 ENSMUSG00000064696	2803	2704	2059	1517	2233	5585	5630	4671	6834	9046	3250	1643	2900	2477	3344
 ENSMUSG00000064697	0	0	0	0	1	0	0	0	0	0	0	0	0	0	0
 ENSMUSG00000096285	0	0	0	0	0	0	0	2	0	0	1	0	0	0	0
 ENSMUSG00000065304	1	4	1	1	9	6	12	2	1	13	2	2	4	2	2
 ENSMUSG00000096287	0	0	0	0	0	0	0	2	0	0	0	0	0	0	0
 ENSMUSG00000096166	0	0	0	0	0	0	0	1	0	0	0	0	0	1	0
 ENSMUSG00000065669	0	0	0	0	2	0	0	0	0	0	0	0	0	0	0
 ENSMUSG00000065305	65514	50221	38324	29798	49649	105452	92462	112755	82823	139317	58043	47591	61244	43520	59144
 ENSMUSG00000096281	0	0	0	0	0	0	0	2	0	0	1	0	0	1	0
 ENSMUSG00000105037	35	27	12	164	110	37	105	61	93	68	27	29	23	11	25
 ENSMUSG00000064581	2	2	3	7	2	3	2	4	4	3	5	3	1	4	1
 ENSMUSG00000088895	10	22	16	92	43	8	11	16	10	5	19	6	22	12	12
 ENSMUSG00000077413	3	2	0	3	1	0	1	0	3	2	3	3	1	0	2
 ENSMUSG00000077659	0	0	0	0	0	0	0	1	0	1	0	0	0	1	0
 ENSMUSG00000077539	0	0	0	0	0	0	0	0	0	0	0	0	0	0	0
 ENSMUSG00000077410	0	0	0	0	0	0	0	0	0	0	0	0	0	0	0
 ENSMUSG00000088412	0	0	0	0	0	0	0	0	0	1	0	0	0	0	0
 ENSMUSG00000065676	8099	9285	6402	5569	9392	4624	5337	9316	3452	5507	11821	5524	7693	8667	11396
 ENSMUSG00000065799	0	0	0	0	1	0	0	0	0	0	0	0	0	0	0
 ENSMUSG00000089509	0	0	0	0	0	0	0	0	0	0	0	0	0	0	0
 ENSMUSG00000065680	2473	6760	5963	3876	4373	527	661	1724	512	891	8089	1799	6196	7529	9428
 ENSMUSG00000064471	0	0	0	1	0	0	0	0	0	0	0	0	0	0	0
 ENSMUSG00000064596	0	0	0	0	0	0	0	0	0	0	0	0	0	0	0
 ENSMUSG00000065200	3	4	1	6	10	3	0	4	0	3	3	3	2	0	2
 ENSMUSG00000088323	0	0	0	1	0	0	0	0	0	0	1	0	0	0	0
 ENSMUSG00000077787	0	0	0	0	0	0	0	0	0	0	0	0	0	0	0
 ENSMUSG00000089531	1	2	0	3	5	6	1	1	0	1	0	2	0	1	0
 ENSMUSG00000077425	0	0	0	0	0	0	0	1	0	0	0	0	0	1	0
 ENSMUSG00000077667	0	0	0	0	1	0	0	0	0	0	0	0	0	0	0
 ENSMUSG00000077426	4	5	2	6	8	3	3	6	1	3	4	3	5	0	2
 ENSMUSG00000077549	5476	7231	5501	3807	5769	4572	4718	7820	2934	5239	9723	4320	6499	6695	7749
 ENSMUSG00000092819	11	15	12	56	33	48	32	47	57	69	13	20	22	13	10
 ENSMUSG00000065687	3	8	1	0	7	1	5	1	0	0	4	1	5	4	2
 ENSMUSG00000064477	2	0	1	2	6	0	0	1	0	0	0	0	0	2	1
 ENSMUSG00000065686	0	3	1	3	1	0	4	1	1	0	0	3	1	2	1
 ENSMUSG00000065204	0	0	0	0	1	2	0	1	0	2	0	2	0	0	0
 ENSMUSG00000065328	0	0	0	0	1	0	0	0	0	0	0	0	0	0	0
 ENSMUSG00000065208	2	2	2	6	13	1	3	2	0	2	4	0	6	5	4
 ENSMUSG00000096017_> ENSMUSG00000096865_> ENSMUSG00000094218	1	0	0	0	0	0	0	0	1	3	0	2	0	2	0
 ENSMUSG00000065692	0	0	0	0	0	0	0	0	0	0	0	1	0	0	0
 ENSMUSG00000096057	0	0	0	0	0	0	0	0	0	0	0	0	0	2	0
 ENSMUSG00000077797	919	1184	849	681	1233	599	603	1220	580	1002	1331	677	1054	1006	1791
 ENSMUSG00000088311	0	0	0	0	0	0	0	0	1	0	0	0	0	2	0
 ENSMUSG00000089520	0	0	1	0	0	0	0	1	0	0	0	0	0	1	0
 ENSMUSG00000077557	0	0	0	2	0	0	0	0	0	0	0	0	0	0	0
 ENSMUSG00000077438	0	0	1	0	0	0	0	1	0	0	0	0	0	1	0
 ENSMUSG00000077318	0	0	0	0	0	0	0	0	0	0	0	0	1	0	0
 ENSMUSG00000096430_> ENSMUSG00000094919_> ENSMUSG00000096390_> ENSMUSG00000094550_> ENSMUSG00000094513_> ENSMUSG00000095372	0	0	0	0	0	0	0	2	0	0	1	0	0	0	0
 ENSMUSG00000077672	0	0	0	0	0	0	0	0	0	0	0	0	0	0	0
 ENSMUSG00000077673	0	0	0	0	0	0	0	0	0	0	0	0	0	0	0
 ENSMUSG00000089524	0	0	0	0	0	0	0	0	0	0	0	0	0	0	0
 ENSMUSG00000064487	846	638	486	1150	1810	1524	1386	1697	2339	2885	1022	1149	729	499	340
 ENSMUSG00000096296	20	16	13	17	24	23	22	39	53	44	15	16	31	18	22
 ENSMUSG00000065336	183	287	200	260	399	82	79	174	78	131	356	137	240	241	362
 ENSMUSG00000096291	0	0	0	0	0	0	0	0	0	0	0	1	0	0	0
 ENSMUSG00000065219	18910	19677	16432	11400	10928	33918	32240	41778	23054	49905	25177	17946	16825	19657	20262
 ENSMUSG00000064493	6	7	5	8	9	20	21	15	13	39	10	3	1	3	5
 ENSMUSG00000065463	12528	12719	10322	7837	10351	12527	10627	16261	7299	13840	16712	11115	11835	12669	13744
 ENSMUSG00000065100	8	3	5	6	7	5	0	5	9	6	2	3	6	2	4
 ENSMUSG00000064495	13	6	7	13	12	10	25	13	23	19	5	8	4	5	1
 ENSMUSG00000064496	23	31	28	39	60	37	61	70	55	58	33	22	39	40	27
 ENSMUSG00000088587	956	1077	787	629	1038	579	478	1427	610	866	1448	610	1004	1065	1205
 ENSMUSG00000077569	0	0	0	0	0	0	0	0	0	0	0	0	0	0	0
 ENSMUSG00000089552	0	1	2	0	1	0	0	1	0	0	0	0	0	1	0
 ENSMUSG00000088340	0	0	1	0	1	0	0	2	1	1	0	0	0	0	0
 ENSMUSG00000077449	0	0	0	0	0	0	0	0	0	0	0	0	0	0	0
 ENSMUSG00000088108	3	0	0	4	13	0	0	2	1	1	3	6	3	2	0
 ENSMUSG00000077440	150241	89387	64661	51671	84842	248721	269852	264886	146753	242514	128379	120173	72152	77583	101317
 ENSMUSG00000093929	0	0	0	0	0	0	0	0	1	0	0	0	2	2	0
 ENSMUSG00000089317	7209	8116	5993	6277	7364	1046	1859	4620	1255	2117	13664	6136	10171	7957	13003
 ENSMUSG00000077320	0	0	0	0	0	0	0	0	0	0	0	0	0	0	0
 ENSMUSG00000077563	353	41	68	467	118	7	15	69	46	36	54	91	456	87	118
 ENSMUSG00000077200	0	0	0	0	0	0	0	0	0	0	0	0	0	0	0
 ENSMUSG00000077685	0	1	0	3	1	1	0	0	0	2	0	0	0	0	0
 ENSMUSG00000077564	0	0	0	0	0	0	0	2	0	0	0	0	0	0	0
 ENSMUSG00000077565	9846	19133	15131	11760	17085	3905	4739	11623	2236	5534	23414	7527	14286	19334	20801
 ENSMUSG00000064377	0	0	0	0	0	0	0	2	0	0	0	0	0	0	0
 ENSMUSG00000080622	0	0	0	0	1	0	0	0	0	0	0	0	0	0	0
 ENSMUSG00000065105	55	101	88	85	58	54	41	68	53	78	86	41	68	83	101
 ENSMUSG00000065226	19	35	26	24	49	26	49	36	13	20	30	16	23	30	20
 ENSMUSG00000065228	159666	93916	71931	61667	102867	202238	172453	243317	164537	218497	136746	119700	84371	84113	120367
 ENSMUSG00000097052	0	0	0	2	1	0	3	0	0	1	0	0	0	0	1
 ENSMUSG00000064380	4	3	2	10	8	6	7	5	8	8	2	2	5	4	4
 ENSMUSG00000064382	0	0	1	12	5	3	2	7	2	5	4	0	4	2	1
 ENSMUSG00000065353	2	4	0	15	10	7	12	10	12	11	2	5	3	3	3
 ENSMUSG00000065110	5	7	5	11	7	3	9	17	11	19	10	9	7	11	11
 ENSMUSG00000065231	0	0	0	2	2	0	1	0	1	0	0	0	0	0	0
 ENSMUSG00000064387	6	2	4	14	8	15	9	12	10	13	1	7	4	4	2
 ENSMUSG00000077698	43722	55132	40415	33403	46828	69334	64157	97493	44925	73275	78747	41677	43006	52432	61928
 ENSMUSG00000092713	294	224	146	142	239	365	471	406	281	369	314	247	235	231	262
 ENSMUSG00000077457	121	155	166	125	148	99	111	190	185	229	213	111	159	138	295
 ENSMUSG00000089542	13614	15367	11993	8210	14018	4104	4958	12678	2765	6517	19392	10465	14525	14258	18425
 ENSMUSG00000088695	0	0	0	1	0	0	0	0	0	0	0	0	0	0	0
 ENSMUSG00000096913_> ENSMUSG00000095310_> ENSMUSG00000095911_> ENSMUSG00000094723_> ENSMUSG00000094667_> ENSMUSG00000096648_> ENSMUSG00000094625_> ENSMUSG00000095581_> ENSMUSG00000094538_> ENSMUSG00000094364_> ENSMUSG00000096041_> ENSMUSG00000095671_> ENSMUSG00000095997_> ENSMUSG00000095314_> ENSMUSG00000094765_> ENSMUSG00000094524_> ENSMUSG00000094912_> ENSMUSG00000094636_> ENSMUSG00000094567_> ENSMUSG00000094458_> ENSMUSG00000095628_> ENSMUSG00000096447_> ENSMUSG00000096306_> ENSMUSG00000096090_> ENSMUSG00000096595_> ENSMUSG00000096136_> ENSMUSG00000094922_> ENSMUSG00000094903_> ENSMUSG00000095501_> ENSMUSG00000094522_> ENSMUSG00000096359_> ENSMUSG00000094283_> ENSMUSG00000095220	0	0	0	0	0	0	0	2	0	0	1	0	0	1	0
 ENSMUSG00000095097_> ENSMUSG00000095530	7	9	7	30	14	3	3	4	1	1	15	3	5	3	12
 ENSMUSG00000089309	0	0	0	0	0	0	0	1	0	0	0	0	0	1	0
 ENSMUSG00000089308	3925	3509	2658	2072	3109	1916	1667	3251	1187	1991	3994	3017	3729	3211	4308
 ENSMUSG00000077571	25	22	16	28	31	26	27	30	20	28	25	20	19	43	21
 ENSMUSG00000077572	0	0	0	0	0	0	0	0	0	0	0	0	0	0	0
 ENSMUSG00000077212	1559	2074	1748	1366	2403	1266	1287	2088	984	1560	2609	1174	1868	2073	2551
 ENSMUSG00000077575	8	8	8	14	10	2	7	10	6	5	7	7	1	10	8
 ENSMUSG00000080610	586	454	316	326	403	893	756	966	656	998	661	532	447	460	553
 ENSMUSG00000065118	51	109	56	129	205	29	37	84	44	44	83	29	69	97	80
 ENSMUSG00000080615	9493	6577	4504	3404	8317	26664	25325	23128	17151	27100	10716	9476	8947	7133	10394
 ENSMUSG00000093277	0	1	1	0	1	1	4	1	0	0	0	0	0	1	0
 ENSMUSG00000096305	0	0	0	0	0	0	0	0	0	0	0	0	0	2	0
 ENSMUSG00000096185_> ENSMUSG00000096814	0	0	0	0	0	0	0	2	0	0	0	0	0	0	0
 ENSMUSG00000064837	50	52	31	168	70	156	124	134	152	320	56	60	75	48	37
 ENSMUSG00000095342_> ENSMUSG00000093997	0	0	0	0	0	0	0	2	0	0	0	0	0	0	0
 ENSMUSG00000064717	5	10	4	50	50	14	24	21	59	71	16	31	22	6	32
 ENSMUSG00000084686	0	0	0	0	1	0	0	0	0	0	0	0	2	1	4
 ENSMUSG00000064952	94	74	52	126	198	116	97	164	106	169	94	51	75	64	92
 ENSMUSG00000088929	11903	15938	11717	8765	13306	2895	2788	9681	2293	4961	17533	8310	14415	14661	20248
 ENSMUSG00000064956	0	0	0	0	0	0	0	0	0	0	0	0	0	0	0
 ENSMUSG00000094476	0	0	0	0	0	0	0	2	0	0	0	0	0	0	0
 ENSMUSG00000070167	7	0	4	9	8	1	4	3	7	3	2	3	8	0	3
 ENSMUSG00000095205	90	181	172	108	166	55	73	117	76	63	206	90	170	175	298
 ENSMUSG00000104921	636	410	376	892	997	712	989	1116	1218	1387	524	431	460	412	334
 ENSMUSG00000096387_> ENSMUSG00000094631	0	0	0	0	0	0	0	2	0	0	0	0	0	0	0
 ENSMUSG00000064726	666	1565	1599	732	567	205	262	791	237	513	1772	534	1327	1450	2040
 ENSMUSG00000064968	8814	7345	5626	4878	7747	9910	11879	15885	7330	11962	10085	6391	6749	6816	9801
 ENSMUSG00000065818	337	530	472	290	434	137	189	366	105	192	625	264	459	547	691
 ENSMUSG00000065939	2	14	6	8	17	0	1	2	2	2	7	0	8	8	8
 ENSMUSG00000065817	5	8	5	7	8	0	8	8	2	4	4	4	11	4	7
 ENSMUSG00000064609	1	1	0	0	3	2	2	0	0	1	3	4	4	2	2
 ENSMUSG00000084433	0	0	0	0	0	0	0	0	0	0	0	0	0	0	0
 ENSMUSG00000064720	16	9	9	2	6	11	10	14	16	12	15	5	9	14	12
 ENSMUSG00000064841	1	3	1	13	7	3	7	3	9	8	5	0	1	1	3
 ENSMUSG00000064600	5	3	1	13	9	5	6	4	12	5	0	2	5	2	0
 ENSMUSG00000064721	2492	3233	2465	1889	2835	1130	1048	2476	1229	1575	3915	1854	3087	3035	4445
 ENSMUSG00000064602	14	5	14	3	12	9	13	9	21	21	7	7	3	9	11
 ENSMUSG00000064844	2438	1562	1097	991	1529	6052	6500	5017	3639	5407	2141	2070	1337	1321	1992
 ENSMUSG00000064966	23487	23530	18937	12111	18238	17399	22704	32495	11420	23527	30493	18486	30782	17600	27691
 ENSMUSG00000064724	0	0	1	0	1	0	0	0	0	0	0	0	0	0	1
 ENSMUSG00000064725	10916	17882	16091	11574	13000	6851	6614	10951	4216	9073	23814	9011	20298	22779	22684
 ENSMUSG00000064604	7	12	8	21	21	3	8	10	10	7	10	11	11	14	8
 ENSMUSG00000095477	0	0	0	0	0	0	0	0	0	0	0	0	1	0	0
 ENSMUSG00000093178	11621	13544	10836	7688	9573	9338	12065	19604	6510	13869	18136	9398	10427	12303	15055
 ENSMUSG00000096328	0	0	0	0	0	0	0	2	0	0	0	0	0	0	0
 ENSMUSG00000095118	208	268	218	273	283	152	151	267	161	264	256	157	288	237	247
 ENSMUSG00000096563	4	2	2	6	2	7	13	3	6	4	1	4	3	5	2
 ENSMUSG00000096684	0	0	0	1	1	0	2	0	1	0	0	0	0	0	0
 ENSMUSG00000095479	0	0	0	0	0	0	0	0	1	0	0	0	2	2	0
 ENSMUSG00000094389	0	0	0	0	0	0	0	0	1	0	0	0	2	2	0
 ENSMUSG00000077804	0	0	0	0	0	0	0	0	0	0	0	0	0	0	0
 ENSMUSG00000064858	0	0	0	0	1	0	2	0	0	0	0	0	0	0	1
 ENSMUSG00000065706	1	1	0	0	0	0	2	1	0	1	0	0	1	0	0
 ENSMUSG00000087858	0	0	0	0	0	0	0	1	0	0	0	0	0	1	0
 ENSMUSG00000065709	0	0	0	0	0	0	0	0	0	0	0	0	0	0	0
 ENSMUSG00000065940	3	1	2	8	3	3	4	9	11	3	0	2	4	1	2
 ENSMUSG00000064850	0	0	0	1	0	0	0	0	0	0	0	0	0	0	0
 ENSMUSG00000064731	53	69	72	50	46	14	10	24	15	15	86	33	65	75	85
 ENSMUSG00000064853	5	0	0	4	8	2	3	2	6	5	2	2	3	1	0
 ENSMUSG00000094263	59480	57265	45119	34114	46531	71719	103081	130154	49637	92201	77421	44801	54278	59792	67634
 ENSMUSG00000064612	4843	5759	4353	3612	4533	3223	3273	6915	2785	5210	7263	3793	4868	5007	6851
 ENSMUSG00000065822	430	491	410	379	717	488	576	777	432	646	732	373	567	541	667
 ENSMUSG00000095472	262	58	106	124	164	33	129	366	218	128	125	200	252	215	364
 ENSMUSG00000088948	524	478	395	967	1272	1627	1199	1490	1147	1753	561	381	572	544	475
 ENSMUSG00000096677	0	0	0	0	0	0	0	0	1	0	0	0	2	2	0
 ENSMUSG00000093044	17	27	18	44	36	19	23	27	27	28	21	11	35	20	26
 ENSMUSG00000095221	1	0	1	0	0	0	4	0	3	1	1	1	2	0	0
 ENSMUSG00000096431	0	0	0	0	0	0	3	0	1	0	0	0	2	2	0
 ENSMUSG00000095349	0	0	0	0	0	0	0	0	0	0	0	0	2	0	0
 ENSMUSG00000093289	27	29	23	22	22	35	39	58	40	48	34	18	32	23	37
 ENSMUSG00000064981	10	12	9	19	34	5	11	14	8	6	11	5	10	11	5
 ENSMUSG00000084691	384	420	363	256	407	308	379	460	181	394	589	283	462	454	368
 ENSMUSG00000084693	0	0	0	0	0	0	0	0	0	0	0	0	0	0	0
 ENSMUSG00000084459	39	47	30	23	44	47	62	70	45	90	55	42	37	31	29
 ENSMUSG00000087963	21	21	37	24	23	8	14	25	9	12	26	18	33	34	30
 ENSMUSG00000064741	11	30	23	38	41	13	10	23	6	16	50	14	32	27	23
 ENSMUSG00000064620	9	11	8	35	35	6	0	10	4	8	4	5	9	7	5
 ENSMUSG00000064621	18517	10768	8428	6183	13563	46071	45287	48387	28251	44022	16602	16274	11490	11043	12612
 ENSMUSG00000064500	621	454	402	288	400	501	506	714	434	603	665	489	503	477	639
 ENSMUSG00000064984	817	3739	2945	2666	4104	221	308	838	245	355	5412	655	3208	3935	5026
 ENSMUSG00000070063	6	35	42	25	36	8	8	6	8	13	26	5	29	40	21
 ENSMUSG00000065715	4	9	4	30	16	14	15	20	17	24	7	10	11	17	5
 ENSMUSG00000077709	25	21	12	65	70	28	24	55	24	68	23	27	21	19	8
 ENSMUSG00000098943_> ENSMUSG00000099291_> ENSMUSG00000104896_> ENSMUSG00000105115	7455	999	1078	7720	3641	1681	3063	4261	5312	2297	1444	2425	3937	1672	1467
 ENSMUSG00000064871	99	217	173	158	217	56	54	132	62	105	240	106	170	181	265
 ENSMUSG00000077702	1396	1721	1414	983	1641	814	833	1478	746	1162	2236	1089	1788	1831	2465
 ENSMUSG00000077704	112	226	204	127	173	31	22	73	28	40	249	74	215	219	290
 ENSMUSG00000065728	14	62	41	31	62	17	31	28	28	33	61	19	48	78	78
 ENSMUSG00000088848	0	0	0	0	0	0	0	0	0	0	0	0	0	0	0
 ENSMUSG00000084487	3250	2986	2145	1459	2998	3718	4217	6186	3377	5145	4831	2674	3693	3733	4770
 ENSMUSG00000064751	9277	18071	14049	11540	21514	4467	4812	12186	3174	6773	22609	7680	15906	18822	22467
 ENSMUSG00000064994	1	3	0	3	0	1	0	1	0	3	3	0	2	1	2
 ENSMUSG00000064995	0	0	0	0	0	0	0	0	0	0	0	0	0	0	1
 ENSMUSG00000064513	19	24	36	29	41	1	6	15	5	11	63	15	54	44	48
 ENSMUSG00000064634	7	6	4	34	39	30	24	44	47	56	6	8	10	2	12
 ENSMUSG00000064514	5761	6998	5190	4785	7398	3401	3657	7457	2667	4258	8003	4460	5782	6311	8782
 ENSMUSG00000065847	4	3	5	8	8	3	4	6	2	3	7	3	3	2	3
 ENSMUSG00000064637	6	15	7	43	60	3	12	28	18	17	14	14	12	13	17
 ENSMUSG00000065725	0	1	2	1	0	0	2	2	0	1	2	1	2	0	2
 ENSMUSG00000064880	0	0	0	0	2	1	2	0	1	1	1	0	0	1	0
 ENSMUSG00000077711	3	4	1	12	3	1	6	6	1	5	1	2	3	1	0
 ENSMUSG00000094060_> ENSMUSG00000095639_> ENSMUSG00000096868	0	0	0	1	1	1	0	0	1	1	0	0	2	2	0
 ENSMUSG00000077714	4850	2457	4817	3653	6507	817	3606	7547	2864	2343	7150	3306	5616	4840	6555
 ENSMUSG00000088836	0	0	0	0	0	0	0	0	0	0	0	0	0	0	0
 ENSMUSG00000065739	0	0	0	0	1	0	0	0	0	0	0	0	0	0	0
 ENSMUSG00000065738	27362	52241	37554	33770	47403	25298	20808	37645	16393	29473	67987	21916	45257	46889	55749
 ENSMUSG00000088835	55	25	17	68	67	79	56	139	68	83	11	34	34	23	14
 ENSMUSG00000088956	1	2	1	3	1	3	4	3	5	0	0	3	3	4	3
 ENSMUSG00000087867	0	0	0	0	0	0	0	1	0	0	0	0	0	1	0
 ENSMUSG00000065852	0	0	0	0	0	0	0	1	0	0	0	0	1	0	0
 ENSMUSG00000064400	596	379	343	869	939	653	890	1066	1175	1320	482	395	436	379	298
 ENSMUSG00000075770	745	1028	748	598	1075	453	567	1080	358	681	1503	551	775	1086	1042
 ENSMUSG00000065853	12	27	13	31	37	10	11	27	18	31	19	21	19	12	26
 ENSMUSG00000104848	0	1	1	0	0	0	0	1	0	0	0	0	0	1	0
 ENSMUSG00000065735	48371	85318	67223	52605	59686	49395	50527	108398	37021	71211	124307	53284	71101	79237	105688
 ENSMUSG00000094274	0	0	0	0	0	0	0	0	1	0	0	0	2	2	0
 ENSMUSG00000064767	29	71	59	61	89	14	16	47	8	21	122	30	78	111	91
 ENSMUSG00000065734	1821	1322	920	750	1222	3171	3551	3086	3003	3610	1719	1743	1320	1110	2038
 ENSMUSG00000064525	2	2	0	2	4	2	0	2	0	1	0	3	0	0	2
 ENSMUSG00000064646	1	0	0	0	0	0	0	0	0	0	0	0	0	0	0
 ENSMUSG00000064647	1061	1096	896	626	877	653	684	1097	507	942	1434	1004	983	972	1358
 ENSMUSG00000064768	101	150	102	105	108	70	98	115	78	122	204	95	165	134	210
 ENSMUSG00000064405	0	0	0	0	0	0	0	0	0	1	0	0	0	1	0
 ENSMUSG00000077607	0	0	0	1	0	0	0	1	0	0	0	0	0	0	0
 ENSMUSG00000096248	0	0	0	0	0	0	0	0	0	0	0	0	2	0	0
 ENSMUSG00000098425	348	157	178	246	529	308	363	555	665	415	218	211	206	145	160
 ENSMUSG00000077602	0	0	0	0	0	0	1	0	0	0	0	0	0	0	0
 ENSMUSG00000077603	1	0	0	3	2	0	1	0	3	1	0	0	0	3	0
 ENSMUSG00000077604	933	2109	1604	1304	1674	354	386	785	235	497	2776	763	1692	2167	2421
 ENSMUSG00000065629	627	342	294	315	674	719	645	943	1114	790	527	486	381	363	373
 ENSMUSG00000065749	359	255	218	190	304	287	260	535	348	468	364	251	324	306	349
 ENSMUSG00000065628	1048	2023	1537	1189	1968	257	389	720	233	340	2636	797	1770	2178	3026
 ENSMUSG00000064410	1	0	0	0	0	0	0	1	0	3	1	0	1	2	1
 ENSMUSG00000064652	0	0	0	0	0	0	0	0	0	0	0	0	0	0	0
 ENSMUSG00000065862	40	33	28	27	55	45	66	46	98	28	40	21	74	11	25
 ENSMUSG00000094831_> ENSMUSG00000094997_> ENSMUSG00000093802	0	0	1	0	0	0	0	0	0	1	0	0	2	0	0
 ENSMUSG00000064776	35	27	12	164	110	37	105	61	92	68	27	29	23	11	25
 ENSMUSG00000064655	68	20	47	158	150	101	95	266	235	255	29	59	71	56	39
 ENSMUSG00000064778	90378	68049	52267	41610	61822	106926	99207	120863	74805	115091	87425	74317	56336	59803	67251
 ENSMUSG00000064899	796	540	393	765	992	691	979	1086	1189	1305	606	730	593	421	900
 ENSMUSG00000095395	14	3	11	28	13	9	9	16	6	22	6	6	6	14	5
 ENSMUSG00000064417	3442	2038	1666	1015	1653	7978	7482	7777	6198	9659	3267	2887	2571	2259	2154
 ENSMUSG00000065870	1521	1060	726	2085	3390	5058	4909	5561	4821	7381	1210	1520	1177	1122	856
 ENSMUSG00000064780	23234	20011	15539	10452	16573	14414	13035	20998	9560	18561	26779	16154	17600	17610	23475
 ENSMUSG00000064540	1271	2175	1582	1314	2071	463	488	1095	466	769	2697	963	1710	2360	3460
 ENSMUSG00000065750	7	12	14	29	32	10	10	16	16	18	6	3	5	6	7
 ENSMUSG00000105911	253	289	269	777	945	265	292	549	355	538	282	283	301	340	281
 ENSMUSG00000077611	2	10	3	27	24	14	18	20	12	19	4	0	4	3	1
 ENSMUSG00000077733	0	0	0	0	0	0	0	0	0	0	0	0	0	0	0
 ENSMUSG00000077734	55462	42744	33146	24541	31412	56143	71907	99821	38160	70571	61667	49946	46883	40988	49576
 ENSMUSG00000077614	0	0	0	0	0	1	0	0	0	0	0	0	0	0	0
 ENSMUSG00000077737	6256	8334	6674	5424	7855	1948	2899	5924	1631	3474	10689	4610	6993	8585	11139
 ENSMUSG00000077617	4	1	0	0	0	0	0	0	0	0	0	0	0	0	1
 ENSMUSG00000088735	0	0	0	1	0	0	0	0	0	0	0	0	0	0	0
 ENSMUSG00000088856	0	0	0	0	0	0	1	2	0	0	0	0	0	0	0
 ENSMUSG00000087885	0	0	0	0	3	0	0	0	0	0	0	0	0	0	0
 ENSMUSG00000064542	38056	33815	25573	20104	34322	15693	16736	34145	13929	21128	44293	29264	33759	30026	46891
 ENSMUSG00000065752	13469	24687	20417	15165	18480	3796	3797	11008	3324	5368	30299	10378	21913	23544	31561
 ENSMUSG00000104827	627	342	294	315	674	719	645	943	1114	790	527	486	381	363	373
 ENSMUSG00000096473	19314	19008	15012	11206	15317	24702	36333	41278	16513	28742	26827	15286	17936	20066	21678
 ENSMUSG00000096231	0	0	0	0	0	0	0	0	0	0	0	0	2	0	0
 ENSMUSG00000064665	0	0	0	0	0	0	0	0	0	0	0	0	1	0	0
 ENSMUSG00000064666	4	8	4	15	18	3	2	11	6	8	7	2	9	8	13
 ENSMUSG00000064545	158	185	138	140	166	194	208	470	171	265	510	238	194	216	254
 ENSMUSG00000065878	2274	2888	2120	1542	2510	1004	1340	2205	796	1579	3451	1665	2980	3202	3727
 ENSMUSG00000065757	0	0	0	0	0	0	0	0	0	0	0	0	0	0	1
 ENSMUSG00000065635	371	1017	825	661	715	116	120	301	66	168	1369	335	801	1040	1192
 ENSMUSG00000064427	9	3	13	15	6	0	5	7	3	5	5	8	7	9	4
 ENSMUSG00000065637	38	35	35	34	44	11	39	24	9	20	38	28	59	52	39
 ENSMUSG00000094883	0	0	0	0	0	0	0	2	0	0	0	0	0	0	0
 ENSMUSG00000065087	103	133	81	164	286	241	342	352	318	553	151	124	147	141	172
 ENSMUSG00000105863	1	1	0	5	2	2	3	0	1	4	1	1	1	5	0
 ENSMUSG00000065089	1	3	4	16	10	3	3	9	4	13	6	4	6	3	4
 ENSMUSG00000095734	1	1	0	0	0	0	1	0	1	0	0	0	2	2	0
 ENSMUSG00000065088	0	0	0	0	1	0	0	0	0	0	0	0	0	0	0
 ENSMUSG00000094407	0	0	0	0	0	0	0	0	0	0	0	0	0	2	0
 ENSMUSG00000095977	0	0	0	1	1	0	2	0	1	0	0	0	0	0	0
 ENSMUSG00000089299	0	0	0	0	0	0	0	1	0	0	0	0	0	1	0
 ENSMUSG00000077185	51384	31086	23625	18909	32765	47361	43164	67586	34580	53581	43213	38032	29861	28564	40202
 ENSMUSG00000080365	0	0	0	1	0	0	0	1	0	0	0	1	0	0	0
 ENSMUSG00000080486	6384	12874	12290	8080	6102	1555	2316	7081	1469	3096	17458	7191	12552	13620	14233
 ENSMUSG00000080364	1	0	2	3	3	1	1	0	2	1	2	1	1	2	0
 ENSMUSG00000093793_> ENSMUSG00000095119	284	705	634	334	528	165	171	383	139	257	867	260	692	718	913
 ENSMUSG00000089161	0	0	0	0	0	0	0	0	0	0	1	0	1	0	0
 ENSMUSG00000096811	0	0	0	0	0	0	0	2	0	0	0	0	0	0	0
 ENSMUSG00000065097	249	288	261	764	929	260	289	543	347	532	274	278	294	336	278
 ENSMUSG00000094516	0	0	1	0	0	0	3	0	3	1	1	0	2	0	0
 ENSMUSG00000088197	0	0	0	0	0	0	0	1	0	0	0	0	0	1	0
 ENSMUSG00000065094	41	87	57	63	86	19	22	67	29	37	94	40	103	108	295
 ENSMUSG00000080352	346	489	386	279	382	115	185	332	159	310	683	281	446	572	590
 ENSMUSG00000077197	0	0	0	0	0	0	1	0	0	0	0	0	0	0	0
 ENSMUSG00000077199	0	0	0	0	0	0	0	0	0	0	0	0	0	0	0
 ENSMUSG00000080478	12	12	4	35	39	28	26	36	34	23	5	10	12	11	6
 ENSMUSG00000077191	665	636	405	421	621	419	321	841	355	554	885	614	482	507	510
 ENSMUSG00000077192	14	8	3	16	7	8	6	22	11	16	8	5	4	4	4
 ENSMUSG00000095389_> ENSMUSG00000096095_> ENSMUSG00000096660_> ENSMUSG00000095542	0	0	0	0	0	2	0	1	0	0	0	0	2	2	0
 ENSMUSG00000096605	0	0	0	0	0	0	0	2	0	0	0	0	0	0	0
 ENSMUSG00000084744	8	8	4	7	4	4	0	4	0	0	7	5	8	10	6
 ENSMUSG00000094308_> ENSMUSG00000093860	0	0	0	0	0	0	0	2	0	0	1	0	0	0	0
 ENSMUSG00000093562	101	217	180	149	270	23	14	57	11	13	264	72	195	263	246
 ENSMUSG00000096832	62	80	65	47	98	33	34	64	54	60	121	41	80	83	149
 ENSMUSG00000094411	103	127	88	226	262	141	138	257	306	437	123	123	133	101	138
 ENSMUSG00000095507	1	0	0	0	0	1	1	0	0	1	0	1	0	0	0
 ENSMUSG00000095868	22	21	17	50	44	36	27	56	83	93	19	30	25	24	32
 ENSMUSG00000094049_> ENSMUSG00000096067_> ENSMUSG00000094032_> ENSMUSG00000095402_> ENSMUSG00000095764_> ENSMUSG00000075968_> ENSMUSG00000095924_> ENSMUSG00000094998_> ENSMUSG00000095357_> ENSMUSG00000095021_> ENSMUSG00000095660_> ENSMUSG00000094037_> ENSMUSG00000094438_> ENSMUSG00000096392_> ENSMUSG00000096821_> ENSMUSG00000094847_> ENSMUSG00000094148_> ENSMUSG00000094129_> ENSMUSG00000095587_> ENSMUSG00000095182_> ENSMUSG00000094048_> ENSMUSG00000094442_> ENSMUSG00000096028_> ENSMUSG00000094753	0	0	0	0	0	0	0	2	0	0	2	1	0	0	0
 ENSMUSG00000096502_> ENSMUSG00000096082_> ENSMUSG00000095060	1	0	0	0	0	0	0	0	0	1	0	0	0	2	0
 ENSMUSG00000064901	37	50	26	48	36	37	44	76	38	61	39	24	46	38	62
 ENSMUSG00000095772	1718	1309	1070	824	1067	2780	3384	3658	2159	3146	1760	1286	1309	1199	1442
 ENSMUSG00000089093	633	1388	1067	895	1506	314	410	816	300	515	1720	474	1150	1477	1745
 ENSMUSG00000093355	7	28	17	19	31	11	11	27	11	7	15	13	28	22	21
 ENSMUSG00000094565	0	0	0	0	0	0	0	2	0	0	0	0	0	0	0
 ENSMUSG00000105780	32141	57083	44580	34573	39402	34316	34666	72213	25264	47988	79525	34720	47078	52496	69744
 ENSMUSG00000087912	3357	3379	2677	2408	2874	683	624	2016	679	925	4390	2487	3563	2951	4511
 ENSMUSG00000064918	114	63	64	129	127	69	89	133	299	242	55	130	194	124	180
 ENSMUSG00000084521	0	0	0	1	0	0	0	0	0	0	0	0	1	0	0
 ENSMUSG00000087917	0	0	0	0	0	0	0	1	0	0	0	0	0	1	0
 ENSMUSG00000095641	0	3	0	0	0	0	0	0	0	1	0	0	2	2	0
 ENSMUSG00000095885	0	0	0	0	0	0	0	2	0	0	1	0	0	0	0
 ENSMUSG00000080396	18017	17767	14471	11042	18138	13700	15040	24811	10345	19789	24336	14472	15658	16956	20726
 ENSMUSG00000064925	57	32	30	44	46	37	58	60	81	73	46	38	53	46	85
 ENSMUSG00000105025_> ENSMUSG00000104856_> ENSMUSG00000098641_> ENSMUSG00000098925	7450	998	1078	7696	3635	1681	3059	4253	5311	2295	1442	2422	3923	1665	1465
 ENSMUSG00000084517	0	0	1	1	1	0	0	0	0	0	1	0	3	0	0
 ENSMUSG00000105884	5	2	2	15	6	0	5	10	9	0	2	3	9	2	2
 ENSMUSG00000096558_> ENSMUSG00000095703	1	1	2	0	0	0	11	1	3	1	1	1	3	1	0
 ENSMUSG00000094587	0	0	0	0	0	0	0	2	0	0	1	0	0	0	0
 ENSMUSG00000094109	0	0	0	0	0	0	0	0	0	0	0	0	0	2	0
 ENSMUSG00000065904	491	715	571	425	760	309	244	650	387	460	1038	476	694	743	916
 ENSMUSG00000064814	0	0	0	0	0	0	0	0	0	0	1	0	0	0	0
 ENSMUSG00000087935	19	34	35	142	87	13	30	30	22	20	28	15	42	26	32
 ENSMUSG00000064816	7559	8764	6868	5605	8798	4211	5874	8067	3982	6163	12322	5985	8289	10386	12337
 ENSMUSG00000064938	70	101	78	95	105	20	20	65	32	38	136	52	124	115	132
 ENSMUSG00000084667	28764	20549	16276	12862	22822	15212	16489	27807	13486	17742	28861	20093	19954	20226	27773
 ENSMUSG00000087930	0	0	0	2	0	0	1	2	0	0	0	0	0	0	0
 ENSMUSG00000084421	0	0	2	6	4	0	1	2	0	0	0	0	1	0	0
 ENSMUSG00000087819	207	167	116	95	114	424	473	460	247	451	215	160	130	113	192
 ENSMUSG00000064930	1	0	2	0	3	0	1	0	1	1	0	0	2	0	0
 ENSMUSG00000084549	27895	28452	21340	15943	31864	42718	31994	63909	29371	46290	41706	22291	28772	27401	27289
 ENSMUSG00000064811	5	2	2	14	16	3	2	7	1	3	3	2	5	2	3
 ENSMUSG00000094581	0	0	0	0	0	0	0	0	1	0	0	0	2	2	0
 ENSMUSG00000088907	0	0	0	0	0	0	1	0	0	0	0	0	0	0	0
 ENSMUSG00000096634	1	0	0	0	0	0	0	0	0	1	0	0	0	2	0
 ENSMUSG00000093002	0	0	0	0	0	0	0	0	0	1	0	0	0	0	0
 ENSMUSG00000093245	156	310	217	259	445	83	79	128	111	136	344	80	258	386	255
 ENSMUSG00000093009	2117	2883	2155	1726	3293	1738	1580	2548	1846	2335	3277	1478	2618	2929	3673
 ENSMUSG00000064949	25	10	19	59	44	24	47	42	53	60	21	21	28	14	23
 ENSMUSG00000064829	9950	6547	4900	4090	6023	8422	7350	13920	5154	9429	8770	7956	6411	6135	9087
 ENSMUSG00000064823	17339	11597	8454	6377	12883	36618	34684	30894	34748	44308	17039	14654	11267	11738	18469
 ENSMUSG00000065360	0	0	0	0	0	2	0	1	0	2	0	2	0	0	0
 ENSMUSG00000064392	0	0	0	0	1	0	0	0	0	1	0	0	0	2	0
 ENSMUSG00000065362	0	1	0	1	0	0	0	0	0	0	0	0	0	0	0
 ENSMUSG00000065124	14	24	19	52	57	8	11	30	11	20	26	15	27	24	31
 ENSMUSG00000088245	0	0	0	0	0	0	0	1	0	0	0	0	0	1	0
 ENSMUSG00000077348	0	0	0	0	0	0	0	1	0	0	0	0	0	1	0
 ENSMUSG00000089571	5696	4459	3505	2562	3832	5182	5404	8107	5109	7868	5969	4413	4483	4023	5947
 ENSMUSG00000064390	3211	5579	4710	3639	4100	421	573	2405	448	957	7388	2146	4644	6008	6530
 ENSMUSG00000077460	0	1	1	0	0	0	0	1	0	0	0	0	0	1	0
 ENSMUSG00000077220	53	131	136	109	88	12	11	45	23	44	164	42	100	151	257
 ENSMUSG00000077221	116	325	262	243	358	100	81	157	71	121	406	94	274	317	367
 ENSMUSG00000077222	2	3	3	15	14	3	1	1	1	6	5	3	9	5	3
 ENSMUSG00000077585	0	0	0	0	0	0	0	0	0	0	0	0	0	0	0
 ENSMUSG00000077345	989	1430	1173	864	1291	242	263	629	166	331	1780	546	1405	1485	1937
 ENSMUSG00000065126	397	213	160	161	261	339	199	438	447	418	288	280	199	254	267
 ENSMUSG00000065004	0	0	0	1	1	0	0	0	1	0	0	0	0	0	0
 ENSMUSG00000099135	5	7	9	3	12	0	3	2	1	3	6	4	5	8	9
 ENSMUSG00000065248	0	0	0	1	0	0	0	0	0	0	0	0	0	0	0
 ENSMUSG00000092730	28	46	25	80	99	21	20	34	26	54	28	17	26	49	32
 ENSMUSG00000065255	1	0	0	2	1	0	1	3	1	1	0	0	0	0	0
 ENSMUSG00000077358	1104	1653	1282	1014	1167	998	1049	1772	526	1155	2169	939	1458	1647	2076
 ENSMUSG00000077239	2654	2363	1703	1432	2094	2442	3009	4587	2050	3599	3232	2355	2305	2094	2382
 ENSMUSG00000093943	0	0	0	0	0	0	0	2	0	0	1	0	0	1	0
 ENSMUSG00000088351	20	62	41	57	79	3	12	30	9	15	70	18	83	73	362
 ENSMUSG00000077591	0	0	1	0	0	0	0	1	0	0	0	0	0	1	0
 ENSMUSG00000077470	0	0	0	0	0	0	0	0	0	0	0	0	0	0	0
 ENSMUSG00000077595	0	0	0	0	0	0	0	1	0	0	0	0	0	1	0
 ENSMUSG00000065258	1928	2235	1838	1512	1796	1393	1665	2582	930	1664	2632	1453	1961	2169	2187
 ENSMUSG00000065016	27	43	24	62	78	37	25	42	32	69	45	25	32	37	42
 ENSMUSG00000099002	2	1	2	1	4	3	4	2	4	2	3	1	1	4	4
 ENSMUSG00000065379	1	2	1	4	1	0	0	3	0	0	2	1	0	4	3
 ENSMUSG00000065378	6194	8358	6268	4658	5837	1173	1346	4304	1104	2138	10296	5232	7034	6856	10941
 ENSMUSG00000065259	21	52	32	60	75	20	22	34	31	33	67	29	33	65	56
 ENSMUSG00000080518	4836	6161	4870	4032	7521	1702	1315	5951	2073	3171	8295	3527	5909	6297	7358
 ENSMUSG00000065262	6	6	2	19	24	6	3	13	0	6	4	1	4	2	5
 ENSMUSG00000065265	0	1	0	3	1	2	0	1	0	2	0	1	0	0	0
 ENSMUSG00000065022	1010	893	729	574	997	1278	1010	1991	1334	1511	1440	984	932	1012	918
 ENSMUSG00000089598	0	0	0	2	0	0	0	0	0	0	1	0	0	0	0
 ENSMUSG00000088144	0	0	0	0	0	0	0	0	0	0	0	0	0	0	1
 ENSMUSG00000092887	13	11	7	3	4	22	20	21	17	13	28	12	16	5	9
 ENSMUSG00000089239	29	21	16	21	19	13	12	26	13	19	34	39	19	26	31
 ENSMUSG00000080540	0	1	1	12	6	0	3	2	2	0	1	1	7	1	0
 ENSMUSG00000065269	0	1	0	0	1	0	0	0	1	0	1	0	0	0	0
 ENSMUSG00000065147	25	33	31	54	77	11	29	34	17	23	20	15	32	29	32
 ENSMUSG00000065028	0	0	0	0	0	0	0	0	0	0	0	0	0	0	0
 ENSMUSG00000094890_> ENSMUSG00000096159_> ENSMUSG00000094236_> ENSMUSG00000094069_> ENSMUSG00000096148_> ENSMUSG00000094960_> ENSMUSG00000096110_> ENSMUSG00000094150_> ENSMUSG00000094923_> ENSMUSG00000096070_> ENSMUSG00000095100_> ENSMUSG00000095618_> ENSMUSG00000096845_> ENSMUSG00000096604_> ENSMUSG00000096462_> ENSMUSG00000094287_> ENSMUSG00000093974_> ENSMUSG00000095374_> ENSMUSG00000094987_> ENSMUSG00000094573_> ENSMUSG00000096759_> ENSMUSG00000095458_> ENSMUSG00000096313_> ENSMUSG00000096190_> ENSMUSG00000094039_> ENSMUSG00000093971_> ENSMUSG00000094599_> ENSMUSG00000096475_> ENSMUSG00000094642_> ENSMUSG00000095691	8	2	5	4	9	4	6	3	10	9	5	9	10	4	2
 ENSMUSG00000065272	10503	5591	4260	3349	4946	15785	17022	15505	11870	18706	7972	8543	5733	5490	6929
 ENSMUSG00000065392	14529	14308	11432	9339	13306	8047	7873	15571	7112	11791	19330	11878	15526	13807	17133
 ENSMUSG00000065274	1	0	0	0	0	0	0	0	0	0	0	0	0	0	0
 ENSMUSG00000065273	580	793	583	525	884	462	491	805	293	552	1056	477	663	818	912
 ENSMUSG00000065036	2	10	6	8	14	2	5	6	2	5	5	2	6	3	1
 ENSMUSG00000088135	0	0	0	0	0	0	0	0	0	0	0	0	0	0	0
 ENSMUSG00000088377	0	0	0	0	0	0	0	0	0	0	0	0	1	0	0
 ENSMUSG00000089585	0	0	0	0	0	0	0	0	0	0	0	0	0	0	0
 ENSMUSG00000088252	24	26	41	29	49	11	21	37	6	12	61	27	49	30	53
 ENSMUSG00000077493	1754	2684	2237	1748	2214	608	845	1835	613	1010	3660	1382	2947	3165	3641
 ENSMUSG00000077252	0	0	1	0	0	0	0	1	0	0	0	0	0	1	0
 ENSMUSG00000077494	0	0	0	0	0	0	0	0	0	0	0	0	0	0	0
 ENSMUSG00000077254	7	13	10	7	14	3	4	6	3	4	10	10	12	15	11
 ENSMUSG00000077257	0	0	0	0	0	0	0	0	0	0	0	0	0	0	0
 ENSMUSG00000065158	1	0	0	1	3	0	0	1	0	0	0	0	0	0	0
 ENSMUSG00000065041	95	99	62	128	224	233	197	234	169	335	100	83	86	99	106
 ENSMUSG00000065282	157	146	81	240	418	252	261	317	311	441	124	184	116	114	113
 ENSMUSG00000065287	15	32	22	68	78	61	93	98	61	101	33	30	25	35	37
 ENSMUSG00000065289	2322	3168	2654	2124	3524	1352	1837	3147	1231	1947	4437	1943	3075	3739	3955
 ENSMUSG00000088169	5	19	7	11	9	8	5	16	8	18	20	14	14	6	18
 ENSMUSG00000089255	0	0	0	0	0	0	0	0	0	0	0	0	1	0	0
 ENSMUSG00000089375	72	72	31	56	51	30	43	54	24	42	99	91	63	55	59
 ENSMUSG00000065281	75758	77694	75492	54666	36843	16005	13111	44245	15872	27064	109460	57890	54239	61901	110918
 ENSMUSG00000065160	11511	17622	16544	11272	11841	2188	2956	9612	1956	3823	21782	8435	14132	18028	25986
 ENSMUSG00000065280	421	880	687	535	990	210	191	486	167	306	1221	320	786	824	1400
 ENSMUSG00000077261	0	1	0	0	0	0	0	0	0	0	0	0	0	0	0
 ENSMUSG00000080440	0	0	0	0	0	0	0	1	0	2	0	0	2	1	0
 ENSMUSG00000077264	0	0	0	0	0	0	0	0	0	0	0	0	0	0	0
 ENSMUSG00000077144	0	0	1	0	0	0	0	0	0	0	0	0	0	0	0
 ENSMUSG00000080683	2426	2747	2019	1632	2851	3464	4114	5057	2226	4376	3949	2338	2570	2965	2720
 ENSMUSG00000080689	0	0	0	0	0	0	0	1	0	0	0	0	0	0	0
 ENSMUSG00000096683_> ENSMUSG00000094548_> ENSMUSG00000094059_> ENSMUSG00000094213	0	0	0	0	0	0	0	2	0	0	0	0	0	0	0
 ENSMUSG00000077380	1	0	0	3	0	0	0	0	0	0	0	1	0	0	1
 ENSMUSG00000065295	695	727	579	435	527	1087	979	1163	828	1419	918	679	645	677	758
 ENSMUSG00000089002	0	4	3	2	10	4	3	6	3	3	2	4	6	4	3
 ENSMUSG00000106585	2	0	1	0	3	2	4	2	3	2	1	1	0	3	1
 ENSMUSG00000093869	0	0	0	0	0	0	0	0	1	0	0	0	2	2	0
 ENSMUSG00000088273	0	0	0	0	1	0	0	0	0	0	0	0	1	0	0
 ENSMUSG00000099280	3	1	1	0	0	0	0	1	0	0	1	0	3	4	2
 ENSMUSG00000077394	31	33	24	20	19	11	10	45	5	14	51	22	41	25	30
 ENSMUSG00000077274	9	7	3	2	8	4	8	9	5	12	8	3	5	3	3
 ENSMUSG00000095155_> ENSMUSG00000094994_> ENSMUSG00000094837_> ENSMUSG00000096302	0	0	1	0	0	0	4	0	1	0	1	2	2	2	0
 ENSMUSG00000077391	0	0	1	1	0	1	4	5	2	1	2	1	2	2	3
 ENSMUSG00000092680	35645	1897	4961	16506	10918	476	5254	48825	27854	1629	6318	22702	27559	14560	24500
 ENSMUSG00000092687	230	157	131	85	177	87	135	299	139	178	290	177	335	243	658
 ENSMUSG00000093413	1	2	0	0	1	0	0	0	0	0	0	0	0	1	0
 ENSMUSG00000089157	0	0	0	0	0	0	0	1	0	0	0	0	0	1	0
 ENSMUSG00000065061	114	235	172	195	235	89	88	137	99	104	224	84	170	195	185
 ENSMUSG00000080461	0	1	1	0	0	2	0	0	0	0	0	0	1	1	2
 ENSMUSG00000080582	0	0	0	0	0	0	0	0	0	0	0	0	2	0	0
 ENSMUSG00000080465	903	1339	1223	990	1216	486	741	1194	796	810	1660	748	1728	1444	2797
 ENSMUSG00000077167	205	181	112	410	488	462	379	514	335	373	184	217	178	170	97
 ENSMUSG00000077289	0	0	1	0	0	0	0	1	0	0	0	0	0	1	0
 ENSMUSG00000080463	2457	2603	2213	1578	1818	989	1218	2301	1188	1869	4028	1847	2885	2518	4175
 ENSMUSG00000094179_> ENSMUSG00000096191	55526	57318	44322	33945	47339	62591	87289	120208	41888	80128	76341	42412	53708	59863	66353
 ENSMUSG00000080469	1396	2941	2539	1586	2195	262	215	808	284	464	3330	1091	2587	2450	3706
 ENSMUSG00000084708	11	18	18	12	27	3	1	17	2	9	23	9	15	17	21
 ENSMUSG00000065196	395	589	487	375	603	673	805	650	729	600	737	334	616	576	794
 ENSMUSG00000088059	0	0	0	0	1	3	1	0	0	0	0	0	1	0	0
 ENSMUSG00000093645	99	153	108	76	110	46	39	93	24	50	257	105	136	188	213
 ENSMUSG00000088056	0	0	0	0	0	0	0	0	0	0	0	0	0	0	0
 ENSMUSG00000089387	0	0	0	0	0	0	0	0	0	0	0	0	0	0	0
 ENSMUSG00000089265	42	40	32	33	34	28	44	58	44	97	51	30	36	47	47
 ENSMUSG00000088294	8272	7397	5344	3956	6660	7214	9177	13351	5631	10031	10284	6198	7291	7819	8158
 ENSMUSG00000065072	0	0	0	0	0	0	0	0	0	0	0	0	0	0	0
 ENSMUSG00000095828	0	0	0	0	0	0	0	2	0	0	1	0	0	0	0
 ENSMUSG00000077294	124	261	170	137	230	71	95	156	51	93	316	99	157	261	325
 ENSMUSG00000077177	0	0	0	0	0	0	0	1	0	0	0	0	0	1	0